 START
   21.072696466904574     
   24.647362934039492     
   23.571702643652831     
   18.903430814580858     
   11.002200881553136     
  -21.072710150812938     
  -24.647362790927279     
  -23.571702643652831     
  -18.903430814493802     
  -11.002200879344592     
   6.9464048209825560     
   8.1247580715838073     
   7.7701773543691663     
   6.2313279721815862     
   3.6267661030029337     
  -6.9464093317468629     
  -8.1247580244082869     
  -7.7701773543691663     
  -6.2313279721528847     
  -3.6267661022749054     
   5.8373018038824185     
   6.8275123851270214     
   6.5295460682249482     
   5.2363982448482611     
   3.0476957305123054     
  -5.8373055944321033     
  -6.8275123454838100     
  -6.5295460682249473     
  -5.2363982448241426     
  -3.0476957299005218     
   23.349275862372426     
   27.310129832256703     
   26.118261060555700     
   20.945654559592089     
   12.190818763041628     
  -23.349291024615759     
  -27.310129673683424     
  -26.118261060555696     
  -20.945654559495619     
  -12.190818760594482     
 END
