   2.4700000000000001E-006  -2.7963000000000000E-004
   9.8700000000000004E-006  -5.5887999999999999E-004
   2.2209999999999999E-005  -8.3774999999999995E-004
   3.9480000000000001E-005  -1.1162399999999999E-003
   6.1680000000000006E-005  -1.3943499999999999E-003
   8.8819999999999993E-005  -1.6720800000000001E-003
   1.2090000000000000E-004  -1.9494200000000001E-003
   1.5791000000000001E-004  -2.2263700000000001E-003
   1.9985000000000001E-004  -2.5029399999999999E-003
   2.4672000000000002E-004  -2.7791299999999999E-003
   2.9852999999999998E-004  -3.0549200000000000E-003
   3.5525999999999998E-004  -3.3303299999999998E-003
   4.1692999999999998E-004  -3.6053499999999998E-003
   4.8352999999999997E-004  -3.8799699999999999E-003
   5.5506000000000002E-004  -4.1542100000000002E-003
   6.3152000000000000E-004  -4.4280500000000002E-003
   7.1290999999999998E-004  -4.7014999999999999E-003
   7.9922000000000001E-004  -4.9745600000000003E-003
   8.9046999999999998E-004  -5.2472100000000004E-003
   9.8664000000000000E-004  -5.5194700000000003E-003
   1.0877300000000001E-003  -5.7913399999999999E-003
   1.1937499999999999E-003  -6.0628000000000001E-003
   1.3046900000000001E-003  -6.3338600000000002E-003
   1.4205500000000000E-003  -6.6045200000000000E-003
   1.5413300000000000E-003  -6.8747799999999996E-003
   1.6670400000000001E-003  -7.1446299999999999E-003
   1.7976600000000000E-003  -7.4140700000000000E-003
   1.9331999999999999E-003  -7.6831099999999999E-003
   2.0736499999999998E-003  -7.9517400000000005E-003
   2.2190199999999999E-003  -8.2199500000000002E-003
   2.3693000000000000E-003  -8.4877600000000004E-003
   2.5244899999999999E-003  -8.7551499999999997E-003
   2.6845900000000002E-003  -9.0221199999999998E-003
   2.8495999999999999E-003  -9.2886800000000005E-003
   3.0195199999999999E-003  -9.5548300000000003E-003
   3.1943399999999999E-003  -9.8205500000000008E-003
   3.3740699999999998E-003  -1.0085850000000000E-002
   3.5587000000000001E-003  -1.0350720000000001E-002
   3.7482200000000000E-003  -1.0615180000000000E-002
   3.9426499999999998E-003  -1.0879200000000000E-002
   4.1419700000000000E-003  -1.1142800000000000E-002
   4.3461799999999998E-003  -1.1405970000000000E-002
   4.5552900000000000E-003  -1.1668700000000001E-002
   4.7692899999999998E-003  -1.1931010000000001E-002
   4.9881700000000001E-003  -1.2192870000000000E-002
   5.2119400000000000E-003  -1.2454300000000000E-002
   5.4405900000000004E-003  -1.2715290000000001E-002
   5.6741300000000003E-003  -1.2975840000000001E-002
   5.9125400000000000E-003  -1.3235950000000000E-002
   6.1558300000000002E-003  -1.3495610000000000E-002
   6.4039900000000000E-003  -1.3754829999999999E-002
   6.6570300000000004E-003  -1.4013589999999999E-002
   6.9149299999999997E-003  -1.4271910000000000E-002
   7.1777000000000004E-003  -1.4529769999999999E-002
   7.4453399999999999E-003  -1.4787180000000000E-002
   7.7178300000000002E-003  -1.5044129999999999E-002
   7.9951899999999992E-003  -1.5300619999999999E-002
   8.2774000000000007E-003  -1.5556660000000000E-002
   8.5644599999999994E-003  -1.5812219999999998E-002
   8.8563700000000006E-003  -1.6067330000000001E-002
   9.1531400000000006E-003  -1.6321960000000000E-002
   9.4547399999999997E-003  -1.6576120000000000E-002
   9.7611899999999995E-003  -1.6829819999999999E-002
   1.0072470000000000E-002  -1.7083040000000001E-002
   1.0388590000000000E-002  -1.7335779999999999E-002
   1.0709550000000000E-002  -1.7588039999999999E-002
   1.1035329999999999E-002  -1.7839819999999999E-002
   1.1365940000000000E-002  -1.8091119999999999E-002
   1.1701369999999999E-002  -1.8341929999999999E-002
   1.2041619999999999E-002  -1.8592259999999999E-002
   1.2386690000000001E-002  -1.8842089999999999E-002
   1.2736559999999999E-002  -1.9091430000000000E-002
   1.3091250000000000E-002  -1.9340280000000001E-002
   1.3450739999999999E-002  -1.9588629999999999E-002
   1.3815040000000001E-002  -1.9836469999999998E-002
   1.4184130000000000E-002  -2.0083819999999999E-002
   1.4558020000000000E-002  -2.0330660000000000E-002
   1.4936700000000001E-002  -2.0576990000000000E-002
   1.5320169999999999E-002  -2.0822810000000001E-002
   1.5708420000000001E-002  -2.1068119999999999E-002
   1.6101450000000000E-002  -2.1312910000000001E-002
   1.6499260000000002E-002  -2.1557179999999999E-002
   1.6901830000000000E-002  -2.1800940000000001E-002
   1.7309180000000000E-002  -2.2044169999999998E-002
   1.7721290000000001E-002  -2.2286870000000000E-002
   1.8138160000000000E-002  -2.2529040000000000E-002
   1.8559790000000000E-002  -2.2770690000000000E-002
   1.8986159999999998E-002  -2.3011799999999999E-002
   1.9417290000000000E-002  -2.3252370000000001E-002
   1.9853160000000002E-002  -2.3492409999999998E-002
   2.0293760000000001E-002  -2.3731900000000000E-002
   2.0739110000000002E-002  -2.3970849999999998E-002
   2.1189179999999998E-002  -2.4209250000000002E-002
   2.1643969999999998E-002  -2.4447099999999999E-002
   2.2103490000000000E-002  -2.4684390000000000E-002
   2.2567730000000001E-002  -2.4921130000000000E-002
   2.3036669999999999E-002  -2.5157309999999999E-002
   2.3510329999999999E-002  -2.5392930000000001E-002
   2.3988690000000000E-002  -2.5627990000000000E-002
   2.4471739999999999E-002  -2.5862480000000000E-002
   2.4959490000000001E-002  -2.6096399999999999E-002
   2.5451930000000001E-002  -2.6329740000000001E-002
   2.5949050000000001E-002  -2.6562510000000001E-002
   2.6450850000000001E-002  -2.6794700000000001E-002
   2.6957320000000000E-002  -2.7026310000000001E-002
   2.7468460000000000E-002  -2.7257330000000000E-002
   2.7984269999999999E-002  -2.7487770000000002E-002
   2.8504729999999999E-002  -2.7717619999999998E-002
   2.9029849999999999E-002  -2.7946869999999999E-002
   2.9559620000000002E-002  -2.8175530000000001E-002
   3.0094019999999999E-002  -2.8403580000000001E-002
   3.0633069999999998E-002  -2.8631040000000000E-002
   3.1176750000000000E-002  -2.8857890000000001E-002
   3.1725059999999999E-002  -2.9084130000000000E-002
   3.2277979999999998E-002  -2.9309760000000001E-002
   3.2835530000000002E-002  -2.9534769999999998E-002
   3.3397679999999999E-002  -2.9759170000000001E-002
   3.3964439999999999E-002  -2.9982950000000001E-002
   3.4535799999999998E-002  -3.0206100000000000E-002
   3.5111759999999999E-002  -3.0428630000000002E-002
   3.5692300000000003E-002  -3.0650529999999999E-002
   3.6277419999999998E-002  -3.0871790000000000E-002
   3.6867120000000003E-002  -3.1092419999999999E-002
   3.7461399999999999E-002  -3.1312409999999999E-002
   3.8060230000000000E-002  -3.1531759999999999E-002
   3.8663629999999997E-002  -3.1750470000000003E-002
   3.9271580000000000E-002  -3.1968530000000002E-002
   3.9884080000000002E-002  -3.2185930000000001E-002
   4.0501110000000000E-002  -3.2402680000000003E-002
   4.1122690000000003E-002  -3.2618780000000000E-002
   4.1748790000000001E-002  -3.2834210000000003E-002
   4.2379409999999999E-002  -3.3048979999999999E-002
   4.3014549999999999E-002  -3.3263090000000002E-002
   4.3654209999999999E-002  -3.3476520000000003E-002
   4.4298360000000002E-002  -3.3689280000000002E-002
   4.4947010000000003E-002  -3.3901370000000000E-002
   4.5600160000000001E-002  -3.4112780000000002E-002
   4.6257790000000000E-002  -3.4323500000000000E-002
   4.6919889999999999E-002  -3.4533540000000001E-002
   4.7586469999999999E-002  -3.4742900000000000E-002
   4.8257519999999998E-002  -3.4951560000000000E-002
   4.8933020000000001E-002  -3.5159520000000000E-002
   4.9612969999999999E-002  -3.5366790000000002E-002
   5.0297370000000001E-002  -3.5573359999999998E-002
   5.0986209999999997E-002  -3.5779220000000000E-002
   5.1679480000000000E-002  -3.5984380000000003E-002
   5.2377180000000002E-002  -3.6188829999999998E-002
   5.3079290000000001E-002  -3.6392559999999997E-002
   5.3785810000000003E-002  -3.6595580000000003E-002
   5.4496740000000002E-002  -3.6797879999999998E-002
   5.5212060000000000E-002  -3.6999459999999998E-002
   5.5931780000000000E-002  -3.7200310000000000E-002
   5.6655869999999997E-002  -3.7400429999999998E-002
   5.7384339999999999E-002  -3.7599819999999999E-002
   5.8117179999999997E-002  -3.7798470000000001E-002
   5.8854389999999999E-002  -3.7996389999999998E-002
   5.9595940000000000E-002  -3.8193570000000003E-002
   6.0341840000000001E-002  -3.8390000000000001E-002
   6.1092090000000002E-002  -3.8585689999999999E-002
   6.1846659999999998E-002  -3.8780620000000002E-002
   6.2605560000000005E-002  -3.8974799999999997E-002
   6.3368770000000005E-002  -3.9168229999999998E-002
   6.4136299999999993E-002  -3.9360890000000003E-002
   6.4908120000000000E-002  -3.9552799999999999E-002
   6.5684240000000005E-002  -3.9743929999999997E-002
   6.6464650000000000E-002  -3.9934299999999999E-002
   6.7249329999999996E-002  -4.0123899999999997E-002
   6.8038290000000001E-002  -4.0312729999999998E-002
   6.8831509999999999E-002  -4.0500769999999998E-002
   6.9628990000000002E-002  -4.0688040000000002E-002
   7.0430709999999994E-002  -4.0874519999999998E-002
   7.1236670000000002E-002  -4.1060220000000001E-002
   7.2046869999999999E-002  -4.1245120000000003E-002
   7.2861280000000000E-002  -4.1429239999999999E-002
   7.3679919999999996E-002  -4.1612549999999998E-002
   7.4502760000000001E-002  -4.1795069999999997E-002
   7.5329800000000002E-002  -4.1976790000000000E-002
   7.6161030000000005E-002  -4.2157710000000001E-002
   7.6996449999999994E-002  -4.2337809999999997E-002
   7.7836039999999995E-002  -4.2517109999999997E-002
   7.8679789999999999E-002  -4.2695600000000000E-002
   7.9527710000000001E-002  -4.2873269999999998E-002
   8.0379770000000003E-002  -4.3050119999999997E-002
   8.1235979999999999E-002  -4.3226140000000003E-002
   8.2096320000000000E-002  -4.3401349999999998E-002
   8.2960779999999998E-002  -4.3575730000000000E-002
   8.3829360000000006E-002  -4.3749270000000000E-002
   8.4702050000000001E-002  -4.3921990000000001E-002
   8.5578840000000003E-002  -4.4093870000000000E-002
   8.6459709999999995E-002  -4.4264909999999998E-002
   8.7344669999999999E-002  -4.4435110000000000E-002
   8.8233699999999998E-002  -4.4604470000000000E-002
   8.9126800000000006E-002  -4.4772970000000002E-002
   9.0023950000000005E-002  -4.4940639999999997E-002
   9.0925140000000002E-002  -4.5107439999999999E-002
   9.1830369999999995E-002  -4.5273399999999998E-002
   9.2739639999999998E-002  -4.5438489999999998E-002
   9.3652920000000001E-002  -4.5602730000000001E-002
   9.4570210000000002E-002  -4.5766099999999997E-002
   9.5491500000000007E-002  -4.5928610000000002E-002
   9.6416790000000002E-002  -4.6090249999999999E-002
   9.7346059999999998E-002  -4.6251029999999999E-002
   9.8279300000000000E-002  -4.6410920000000001E-002
   9.9216509999999994E-002  -4.6569949999999999E-002
  0.10015767000000000       -4.6728090000000000E-002
  0.10110278000000000       -4.6885349999999999E-002
  0.10205183000000000       -4.7041729999999997E-002
  0.10300479999999999       -4.7197230000000000E-002
  0.10396169000000000       -4.7351839999999999E-002
  0.10492248999999999       -4.7505550000000001E-002
  0.10588719000000001       -4.7658380000000000E-002
  0.10685578000000000       -4.7810310000000002E-002
  0.10782825000000000       -4.7961339999999998E-002
  0.10880459000000001       -4.8111470000000003E-002
  0.10978480000000000       -4.8260699999999997E-002
  0.11076885000000000       -4.8409019999999997E-002
  0.11175673999999999       -4.8556439999999999E-002
  0.11274847000000000       -4.8702950000000002E-002
  0.11374402000000000       -4.8848549999999998E-002
  0.11474338000000001       -4.8993229999999999E-002
  0.11574653999999999       -4.9137000000000000E-002
  0.11675350000000000       -4.9279850000000000E-002
  0.11776423000000000       -4.9421779999999998E-002
  0.11877873999999999       -4.9562780000000001E-002
  0.11979702000000000       -4.9702860000000001E-002
  0.12081904000000000       -4.9842020000000001E-002
  0.12184481000000000       -4.9980249999999997E-002
  0.12287431000000000       -5.0117540000000002E-002
  0.12390753000000000       -5.0253909999999999E-002
  0.12494447000000000       -5.0389330000000003E-002
  0.12598509999999999       -5.0523829999999999E-002
  0.12702943000000000       -5.0657380000000002E-002
  0.12807743999999999       -5.0789990000000000E-002
  0.12912910999999999       -5.0921660000000001E-002
  0.13018445000000001       -5.1052380000000001E-002
  0.13124343999999999       -5.1182159999999997E-002
  0.13230607000000000       -5.1310990000000001E-002
  0.13337233000000001       -5.1438869999999998E-002
  0.13444220000000001       -5.1565800000000002E-002
  0.13551568999999999       -5.1691780000000000E-002
  0.13659277000000000       -5.1816800000000003E-002
  0.13767343000000001       -5.1940859999999998E-002
  0.13875767999999999       -5.2063959999999999E-002
  0.13984548999999999       -5.2186110000000001E-002
  0.14093685000000000       -5.2307289999999999E-002
  0.14203176000000001       -5.2427500000000002E-002
  0.14313020000000001       -5.2546759999999998E-002
  0.14423216000000000       -5.2665040000000003E-002
  0.14533763999999999       -5.2782360000000000E-002
  0.14644661000000000       -5.2898710000000002E-002
  0.14755906999999999       -5.3014079999999998E-002
  0.14867501999999999       -5.3128490000000000E-002
  0.14979442000000001       -5.3241919999999998E-002
  0.15091729000000001       -5.3354369999999998E-002
  0.15204360000000000       -5.3465840000000001E-002
  0.15317335000000001       -5.3576340000000000E-002
  0.15430652000000000       -5.3685860000000002E-002
  0.15544310000000000       -5.3794399999999999E-002
  0.15658308000000001       -5.3901949999999997E-002
  0.15772644999999999       -5.4008529999999999E-002
  0.15887319999999999       -5.4114110000000000E-002
  0.16002331000000000       -5.4218719999999998E-002
  0.16117677999999999       -5.4322330000000002E-002
  0.16233359999999999       -5.4424960000000001E-002
  0.16349374000000000       -5.4526590000000000E-002
  0.16465721000000000       -5.4627240000000001E-002
  0.16582399000000000       -5.4726900000000002E-002
  0.16699406999999999       -5.4825560000000002E-002
  0.16816743000000001       -5.4923230000000003E-002
  0.16934407000000001       -5.5019909999999998E-002
  0.17052397000000000       -5.5115589999999999E-002
  0.17170711999999999       -5.5210269999999999E-002
  0.17289351999999999       -5.5303959999999999E-002
  0.17408314000000000       -5.5396649999999999E-002
  0.17527598000000000       -5.5488349999999999E-002
  0.17647202000000001       -5.5579040000000003E-002
  0.17767126000000000       -5.5668730000000000E-002
  0.17887367000000001       -5.5757429999999997E-002
  0.18007925999999999       -5.5845119999999998E-002
  0.18128801000000000       -5.5931809999999998E-002
  0.18249989999999999       -5.6017490000000003E-002
  0.18371492000000000       -5.6102180000000001E-002
  0.18493306000000001       -5.6185859999999997E-002
  0.18615432000000001       -5.6268529999999997E-002
  0.18737867000000000       -5.6350200000000003E-002
  0.18860610999999999       -5.6430870000000001E-002
  0.18983662000000001       -5.6510530000000003E-002
  0.19107019000000000       -5.6589180000000003E-002
  0.19230680999999999       -5.6666830000000001E-002
  0.19354647000000000       -5.6743469999999997E-002
  0.19478915999999999       -5.6819099999999997E-002
  0.19603485000000001       -5.6893720000000002E-002
  0.19728355000000000       -5.6967339999999998E-002
  0.19853523000000001       -5.7039949999999999E-002
  0.19978989000000000       -5.7111549999999997E-002
  0.20104751000000001       -5.7182150000000001E-002
  0.20230808000000000       -5.7251730000000001E-002
  0.20357159000000000       -5.7320309999999999E-002
  0.20483803000000000       -5.7387880000000002E-002
  0.20610737000000001       -5.7454430000000001E-002
  0.20737961999999999       -5.7519990000000000E-002
  0.20865475999999999       -5.7584530000000002E-002
  0.20993276999999999       -5.7648060000000001E-002
  0.21121365000000000       -5.7710579999999997E-002
  0.21249736999999999       -5.7772100000000000E-002
  0.21378394000000001       -5.7832610000000000E-002
  0.21507333000000001       -5.7892109999999997E-002
  0.21636553000000000       -5.7950599999999998E-002
  0.21766052000000000       -5.8008079999999997E-002
  0.21895830999999999       -5.8064560000000001E-002
  0.22025887000000000       -5.8120030000000003E-002
  0.22156218999999999       -5.8174490000000002E-002
  0.22286826000000001       -5.8227950000000001E-002
  0.22417706000000001       -5.8280390000000001E-002
  0.22548858999999999       -5.8331840000000003E-002
  0.22680283000000001       -5.8382280000000002E-002
  0.22811976000000000       -5.8431709999999998E-002
  0.22943937000000000       -5.8480140000000000E-002
  0.23076166000000001       -5.8527570000000001E-002
  0.23208660000000000       -5.8573989999999999E-002
  0.23341418999999999       -5.8619409999999997E-002
  0.23474440999999999       -5.8663830000000000E-002
  0.23607723999999999       -5.8707240000000001E-002
  0.23741269000000001       -5.8749660000000002E-002
  0.23875072000000000       -5.8791070000000001E-002
  0.24009132999999999       -5.8831490000000000E-002
  0.24143450000000000       -5.8870909999999999E-002
  0.24278023000000001       -5.8909330000000003E-002
  0.24412850000000000       -5.8946749999999999E-002
  0.24547928999999999       -5.8983180000000003E-002
  0.24683260000000001       -5.9018609999999999E-002
  0.24818840000000000       -5.9053050000000003E-002
  0.24954668999999999       -5.9086489999999998E-002
  0.25090744999999998       -5.9118950000000003E-002
  0.25227066999999997       -5.9150410000000000E-002
  0.25363633000000002       -5.9180879999999998E-002
  0.25500442000000001       -5.9210359999999997E-002
  0.25637494000000000       -5.9238850000000003E-002
  0.25774785000000000       -5.9266359999999997E-002
  0.25912316000000002       -5.9292879999999999E-002
  0.26050085000000001       -5.9318419999999997E-002
  0.26188090000000003       -5.9342970000000002E-002
  0.26326329999999998       -5.9366540000000002E-002
  0.26464802999999998       -5.9389129999999998E-002
  0.26603508999999997       -5.9410739999999997E-002
  0.26742445999999997       -5.9431369999999997E-002
  0.26881611999999999       -5.9451030000000002E-002
  0.27021007000000002       -5.9469700000000000E-002
  0.27160627999999998       -5.9487409999999998E-002
  0.27300475000000002       -5.9504139999999997E-002
  0.27440545999999999       -5.9519900000000001E-002
  0.27580839000000001       -5.9534690000000001E-002
  0.27721353999999998       -5.9548509999999999E-002
  0.27862088000000002       -5.9561370000000002E-002
  0.28003042000000000       -5.9573260000000003E-002
  0.28144212000000002       -5.9584180000000000E-002
  0.28285598000000001       -5.9594149999999999E-002
  0.28427197999999998       -5.9603150000000001E-002
  0.28569011000000000       -5.9611190000000001E-002
  0.28711035000000001       -5.9618280000000003E-002
  0.28853269999999998       -5.9624410000000003E-002
  0.28995714000000000       -5.9629590000000003E-002
  0.29138364000000000       -5.9633819999999997E-002
  0.29281221000000002       -5.9637089999999997E-002
  0.29424282000000002       -5.9639419999999999E-002
  0.29567546000000000       -5.9640800000000001E-002
  0.29711011999999998       -5.9641239999999998E-002
  0.29854678000000001       -5.9640730000000003E-002
  0.29998543000000000       -5.9639289999999998E-002
  0.30142605000000000       -5.9636900000000000E-002
  0.30286864000000002       -5.9633579999999999E-002
  0.30431317000000002       -5.9629320000000000E-002
  0.30575963000000000       -5.9624129999999997E-002
  0.30720799999999998       -5.9618009999999999E-002
  0.30865828000000001       -5.9610959999999998E-002
  0.31011044999999998       -5.9602980000000000E-002
  0.31156449000000003       -5.9594080000000001E-002
  0.31302039999999998       -5.9584260000000000E-002
  0.31447814000000002       -5.9573519999999998E-002
  0.31593771999999998       -5.9561860000000001E-002
  0.31739911999999998       -5.9549280000000003E-002
  0.31886231999999998       -5.9535789999999998E-002
  0.32032729999999998       -5.9521390000000000E-002
  0.32179405999999999       -5.9506070000000001E-002
  0.32326258000000002       -5.9489859999999999E-002
  0.32473284000000002       -5.9472730000000001E-002
  0.32620483000000000       -5.9454710000000001E-002
  0.32767854000000002       -5.9435780000000001E-002
  0.32915394999999997       -5.9415959999999997E-002
  0.33063103999999999       -5.9395249999999997E-002
  0.33210981000000001       -5.9373639999999998E-002
  0.33359022999999999       -5.9351139999999997E-002
  0.33507228999999999       -5.9327749999999999E-002
  0.33655599000000003       -5.9303479999999999E-002
  0.33804128999999999       -5.9278320000000002E-002
  0.33952820000000000       -5.9252289999999999E-002
  0.34101668000000002       -5.9225369999999999E-002
  0.34250673999999998       -5.9197590000000001E-002
  0.34399835000000001       -5.9168930000000002E-002
  0.34549150000000001       -5.9139400000000002E-002
  0.34698617999999998       -5.9109000000000002E-002
  0.34848236999999999       -5.9077739999999997E-002
  0.34998004999999999       -5.9045620000000000E-002
  0.35147920999999999       -5.9012630000000003E-002
  0.35297983999999999       -5.8978790000000003E-002
  0.35448192000000001       -5.8944099999999999E-002
  0.35598542999999999       -5.8908559999999999E-002
  0.35749037000000000       -5.8872170000000001E-002
  0.35899671000000000       -5.8834930000000001E-002
  0.36050444999999998       -5.8796849999999998E-002
  0.36201356000000001       -5.8757930000000000E-002
  0.36352403000000000       -5.8718170000000000E-002
  0.36503585000000000       -5.8677580000000000E-002
  0.36654901000000001       -5.8636160000000000E-002
  0.36806348000000000       -5.8593909999999999E-002
  0.36957925000000003       -5.8550829999999998E-002
  0.37109630999999998       -5.8506929999999999E-002
  0.37261464000000000       -5.8462210000000001E-002
  0.37413423000000001       -5.8416669999999997E-002
  0.37565505999999999       -5.8370329999999998E-002
  0.37717710999999998       -5.8323159999999999E-002
  0.37870038000000000       -5.8275199999999999E-002
  0.38022485000000000       -5.8226420000000001E-002
  0.38175049999999999       -5.8176850000000002E-002
  0.38327731999999998       -5.8126470000000000E-002
  0.38480529000000002       -5.8075300000000003E-002
  0.38633439000000003       -5.8023340000000000E-002
  0.38786461999999999       -5.7970590000000002E-002
  0.38939594999999999       -5.7917049999999998E-002
  0.39092838000000002       -5.7862730000000001E-002
  0.39246187999999999       -5.7807629999999999E-002
  0.39399645000000000       -5.7751749999999998E-002
  0.39553205000000002       -5.7695089999999997E-002
  0.39706870000000000       -5.7637670000000002E-002
  0.39860635000000000       -5.7579480000000002E-002
  0.40014501000000002       -5.7520519999999999E-002
  0.40168464999999998       -5.7460799999999999E-002
  0.40322527000000002       -5.7400329999999999E-002
  0.40476683000000002       -5.7339099999999997E-002
  0.40630934000000002       -5.7277109999999999E-002
  0.40785278000000003       -5.7214380000000002E-002
  0.40939712000000000       -5.7150909999999999E-002
  0.41094235000000001       -5.7086690000000002E-002
  0.41248847000000000       -5.7021730000000000E-002
  0.41403545000000003       -5.6956039999999999E-002
  0.41558328000000000       -5.6889610000000000E-002
  0.41713193999999998       -5.6822459999999998E-002
  0.41868142000000003       -5.6754579999999999E-002
  0.42023169999999999       -5.6685979999999997E-002
  0.42178276999999997       -5.6616659999999999E-002
  0.42333461000000000       -5.6546630000000001E-002
  0.42488721000000002       -5.6475879999999999E-002
  0.42644053999999998       -5.6404429999999998E-002
  0.42799461000000000       -5.6332269999999997E-002
  0.42954937999999998       -5.6259400000000001E-002
  0.43110484999999998       -5.6185840000000001E-002
  0.43266101000000001       -5.6111580000000001E-002
  0.43421781999999998       -5.6036639999999999E-002
  0.43577527999999999       -5.5960999999999997E-002
  0.43733337999999999       -5.5884679999999999E-002
  0.43889210000000001       -5.5807669999999997E-002
  0.44045141999999998       -5.5729990000000000E-002
  0.44201132999999998       -5.5651640000000002E-002
  0.44357181000000001       -5.5572610000000001E-002
  0.44513283999999997       -5.5492920000000001E-002
  0.44669441999999998       -5.5412560000000000E-002
  0.44825652999999999       -5.5331539999999999E-002
  0.44981914000000001       -5.5249859999999998E-002
  0.45138224999999998       -5.5167529999999999E-002
  0.45294583999999999       -5.5084550000000003E-002
  0.45450990000000002       -5.5000920000000002E-002
  0.45607439999999999       -5.4916649999999997E-002
  0.45763934000000001       -5.4831739999999997E-002
  0.45920469000000003       -5.4746190000000000E-002
  0.46077045000000000       -5.4660010000000002E-002
  0.46233659999999999       -5.4573200000000002E-002
  0.46390311000000001       -5.4485770000000003E-002
  0.46546999000000000       -5.4397710000000002E-002
  0.46703719999999999       -5.4309040000000003E-002
  0.46860474000000002       -5.4219749999999997E-002
  0.47017259000000000       -5.4129839999999999E-002
  0.47174073000000000       -5.4039329999999997E-002
  0.47330916000000001       -5.3948219999999998E-002
  0.47487784000000000       -5.3856500000000002E-002
  0.47644677000000002       -5.3764190000000003E-002
  0.47801593999999997       -5.3671280000000002E-002
  0.47958531999999998       -5.3577790000000000E-002
  0.48115490999999999       -5.3483700000000002E-002
  0.48272468000000002       -5.3389039999999999E-002
  0.48429462000000001       -5.3293790000000001E-002
  0.48586472000000003       -5.3197969999999997E-002
  0.48743494999999998       -5.3101580000000002E-002
  0.48900531000000003       -5.3004610000000001E-002
  0.49057578000000002       -5.2907089999999997E-002
  0.49214634000000002       -5.2809000000000002E-002
  0.49371698000000003       -5.2710350000000003E-002
  0.49528768000000001       -5.2611150000000002E-002
  0.49685843000000002       -5.2511389999999998E-002
  0.49842921000000001       -5.2411100000000002E-002
  0.50000000000000000       -5.2310250000000003E-002
  0.50157079000000004       -5.2208869999999998E-002
  0.50314157000000004       -5.2106949999999999E-002
  0.50471231999999999       -5.2004500000000002E-002
  0.50628302000000003       -5.1901520000000000E-002
  0.50785365999999998       -5.1798009999999998E-002
  0.50942421999999998       -5.1693980000000000E-002
  0.51099468999999997       -5.1589429999999999E-002
  0.51256504999999997       -5.1484370000000002E-002
  0.51413527999999997       -5.1378800000000002E-002
  0.51570537999999999       -5.1272720000000001E-002
  0.51727531999999998       -5.1166129999999997E-002
  0.51884509000000001       -5.1059050000000002E-002
  0.52041468000000002       -5.0951459999999997E-002
  0.52198405999999997       -5.0843390000000002E-002
  0.52355322999999998       -5.0734820000000000E-002
  0.52512216000000000       -5.0625770000000000E-002
  0.52669083999999999       -5.0516239999999997E-002
  0.52825926999999995       -5.0406230000000003E-002
  0.52982741000000000       -5.0295739999999999E-002
  0.53139526000000004       -5.0184779999999998E-002
  0.53296279999999996       -5.0073350000000003E-002
  0.53453001000000000       -4.9961459999999999E-002
  0.53609689000000005       -4.9849110000000002E-002
  0.53766340000000001       -4.9736299999999997E-002
  0.53922954999999995       -4.9623040000000000E-002
  0.54079531000000003       -4.9509320000000002E-002
  0.54236066000000005       -4.9395160000000000E-002
  0.54392560000000001       -4.9280560000000001E-002
  0.54549009999999998       -4.9165519999999997E-002
  0.54705415999999996       -4.9050040000000003E-002
  0.54861775000000002       -4.8934129999999999E-002
  0.55018085999999999       -4.8817790000000000E-002
  0.55174347000000001       -4.8701029999999999E-002
  0.55330557999999996       -4.8583840000000003E-002
  0.55486716000000003       -4.8466240000000001E-002
  0.55642818999999999       -4.8348219999999997E-002
  0.55798866999999996       -4.8229790000000002E-002
  0.55954857999999996       -4.8110960000000001E-002
  0.56110789999999999       -4.7991720000000002E-002
  0.56266662000000001       -4.7872079999999997E-002
  0.56422472000000001       -4.7752040000000003E-002
  0.56578218000000002       -4.7631609999999998E-002
  0.56733898999999999       -4.7510789999999997E-002
  0.56889515000000002       -4.7389580000000001E-002
  0.57045062000000002       -4.7267999999999998E-002
  0.57200538999999995       -4.7146029999999998E-002
  0.57355946000000002       -4.7023679999999998E-002
  0.57511279000000004       -4.6900970000000000E-002
  0.57666539000000006       -4.6777890000000003E-002
  0.57821723000000003       -4.6654439999999998E-002
  0.57976830000000001       -4.6530630000000003E-002
  0.58131858000000003       -4.6406459999999997E-002
  0.58286806000000002       -4.6281940000000001E-002
  0.58441672000000000       -4.6157060000000000E-002
  0.58596455000000003       -4.6031839999999997E-002
  0.58751153000000000       -4.5906280000000001E-002
  0.58905764999999999       -4.5780370000000001E-002
  0.59060288000000005       -4.5654130000000001E-002
  0.59214721999999997       -4.5527550000000000E-002
  0.59369066000000004       -4.5400639999999999E-002
  0.59523316999999998       -4.5273410000000000E-002
  0.59677473000000003       -4.5145850000000001E-002
  0.59831535000000002       -4.5017979999999999E-002
  0.59985498999999998       -4.4889779999999997E-002
  0.60139365000000000       -4.4761280000000001E-002
  0.60293129999999995       -4.4632459999999999E-002
  0.60446794999999998       -4.4503340000000002E-002
  0.60600354999999995       -4.4373919999999997E-002
  0.60753811999999996       -4.4244190000000003E-002
  0.60907162000000004       -4.4114170000000001E-002
  0.61060404999999995       -4.3983860000000000E-002
  0.61213538000000001       -4.3853259999999998E-002
  0.61366560999999997       -4.3722370000000003E-002
  0.61519471000000003       -4.3591209999999998E-002
  0.61672267999999997       -4.3459760000000000E-002
  0.61824950000000001       -4.3328029999999997E-002
  0.61977515000000005       -4.3196039999999998E-002
  0.62129962000000005       -4.3063770000000001E-002
  0.62282289000000002       -4.2931249999999997E-002
  0.62434493999999996       -4.2798450000000002E-002
  0.62586576999999999       -4.2665399999999999E-002
  0.62738536000000000       -4.2532100000000003E-002
  0.62890369000000002       -4.2398539999999998E-002
  0.63042074999999997       -4.2264730000000000E-002
  0.63193652000000000       -4.2130679999999997E-002
  0.63345099000000005       -4.1996390000000001E-002
  0.63496414999999995       -4.1861860000000001E-002
  0.63647597000000000       -4.1727090000000001E-002
  0.63798644000000004       -4.1592089999999998E-002
  0.63949555000000002       -4.1456859999999998E-002
  0.64100329000000000       -4.1321410000000003E-002
  0.64250963000000005       -4.1185729999999997E-002
  0.64401456999999995       -4.1049839999999997E-002
  0.64551807999999999       -4.0913730000000002E-002
  0.64702015999999996       -4.0777410000000000E-002
  0.64852078999999996       -4.0640879999999997E-002
  0.65001995000000001       -4.0504140000000001E-002
  0.65151762999999996       -4.0367199999999999E-002
  0.65301381999999997       -4.0230059999999998E-002
  0.65450850000000005       -4.0092730000000000E-002
  0.65600164999999999       -3.9955200000000003E-002
  0.65749325999999997       -3.9817480000000002E-002
  0.65898332000000004       -3.9679579999999999E-002
  0.66047180000000005       -3.9541489999999999E-002
  0.66195870999999995       -3.9403229999999997E-002
  0.66344400999999997       -3.9264779999999999E-002
  0.66492770999999995       -3.9126170000000002E-002
  0.66640977000000001       -3.8987380000000002E-002
  0.66789019000000005       -3.8848430000000003E-002
  0.66936896000000001       -3.8709309999999997E-002
  0.67084604999999997       -3.8570040000000000E-002
  0.67232146000000004       -3.8430600000000002E-002
  0.67379517000000000       -3.8291010000000000E-002
  0.67526715999999998       -3.8151270000000001E-002
  0.67673742000000003       -3.8011379999999997E-002
  0.67820594000000001       -3.7871349999999998E-002
  0.67967270000000002       -3.7731180000000003E-002
  0.68113767999999997       -3.7590859999999997E-002
  0.68260087999999997       -3.7450419999999998E-002
  0.68406228000000002       -3.7309839999999997E-002
  0.68552186000000004       -3.7169130000000002E-002
  0.68697960000000002       -3.7028289999999998E-002
  0.68843551000000003       -3.6887339999999998E-002
  0.68988954999999996       -3.6746260000000003E-002
  0.69134172000000005       -3.6605070000000003E-002
  0.69279199999999996       -3.6463759999999998E-002
  0.69424037000000005       -3.6322340000000002E-002
  0.69568682999999998       -3.6180820000000002E-002
  0.69713135999999998       -3.6039189999999999E-002
  0.69857395000000000       -3.5897459999999999E-002
  0.70001457000000000       -3.5755629999999997E-002
  0.70145321999999999       -3.5613710000000000E-002
  0.70288987999999997       -3.5471700000000002E-002
  0.70432454000000000       -3.5329590000000001E-002
  0.70575717999999998       -3.5187400000000001E-002
  0.70718778999999998       -3.5045130000000001E-002
  0.70861635999999995       -3.4902780000000001E-002
  0.71004286000000005       -3.4760359999999997E-002
  0.71146730000000002       -3.4617860000000000E-002
  0.71288965000000004       -3.4475289999999999E-002
  0.71430989000000000       -3.4332649999999999E-002
  0.71572802000000002       -3.4189949999999997E-002
  0.71714401999999999       -3.4047180000000003E-002
  0.71855787999999998       -3.3904360000000001E-002
  0.71996958000000000       -3.3761489999999998E-002
  0.72137912000000004       -3.3618559999999999E-002
  0.72278646000000002       -3.3475579999999998E-002
  0.72419160999999999       -3.3332550000000002E-002
  0.72559454000000001       -3.3189490000000002E-002
  0.72699524999999998       -3.3046380000000000E-002
  0.72839372000000002       -3.2903229999999999E-002
  0.72978993000000003       -3.2760049999999999E-002
  0.73118388000000001       -3.2616840000000001E-002
  0.73257554000000003       -3.2473610000000000E-002
  0.73396490999999997       -3.2330339999999999E-002
  0.73535196999999997       -3.2187060000000003E-002
  0.73673670000000002       -3.2043750000000003E-002
  0.73811910000000003       -3.1900430000000000E-002
  0.73949914999999999       -3.1757090000000002E-002
  0.74087683999999998       -3.1613750000000003E-002
  0.74225215000000000       -3.1470400000000003E-002
  0.74362505999999995       -3.1327040000000000E-002
  0.74499557999999999       -3.1183679999999998E-002
  0.74636367000000003       -3.1040320000000000E-002
  0.74772932999999997       -3.0896969999999999E-002
  0.74909254999999997       -3.0753619999999999E-002
  0.75045331000000004       -3.0610280000000000E-002
  0.75181160000000002       -3.0466960000000001E-002
  0.75316740000000004       -3.0323650000000001E-002
  0.75452070999999998       -3.0180370000000002E-002
  0.75587150000000003       -3.0037100000000001E-002
  0.75721976999999996       -2.9893860000000001E-002
  0.75856550000000000       -2.9750639999999998E-002
  0.75990866999999995       -2.9607459999999999E-002
  0.76124928000000003       -2.9464310000000001E-002
  0.76258731000000002       -2.9321199999999999E-002
  0.76392276000000003       -2.9178119999999998E-002
  0.76525558999999999       -2.9035090000000000E-002
  0.76658581000000003       -2.8892100000000000E-002
  0.76791339999999997       -2.8749159999999999E-002
  0.76923834000000002       -2.8606280000000001E-002
  0.77056062999999997       -2.8463440000000000E-002
  0.77188024000000000       -2.8320660000000001E-002
  0.77319716999999999       -2.8177939999999999E-002
  0.77451141000000001       -2.8035290000000001E-002
  0.77582293999999996       -2.7892699999999999E-002
  0.77713173999999996       -2.7750170000000001E-002
  0.77843781000000001       -2.7607719999999999E-002
  0.77974113000000000       -2.7465340000000001E-002
  0.78104169000000001       -2.7323040000000000E-002
  0.78233947999999998       -2.7180820000000001E-002
  0.78363446999999997       -2.7038679999999999E-002
  0.78492667000000005       -2.6896620000000000E-002
  0.78621605999999999       -2.6754660000000000E-002
  0.78750262999999998       -2.6612779999999999E-002
  0.78878634999999997       -2.6471000000000001E-002
  0.79006723000000001       -2.6329310000000002E-002
  0.79134523999999995       -2.6187720000000001E-002
  0.79262038000000001       -2.6046239999999998E-002
  0.79389262999999999       -2.5904859999999998E-002
  0.79516197000000000       -2.5763589999999999E-002
  0.79642840999999998       -2.5622430000000002E-002
  0.79769192000000000       -2.5481380000000001E-002
  0.79895249000000002       -2.5340450000000000E-002
  0.80021010999999997       -2.5199639999999999E-002
  0.80146477000000005       -2.5058950000000000E-002
  0.80271645000000003       -2.4918389999999999E-002
  0.80396515000000002       -2.4777950000000000E-002
  0.80521083999999998       -2.4637639999999999E-002
  0.80645352999999997       -2.4497470000000000E-002
  0.80769318999999995       -2.4357429999999999E-002
  0.80892980999999997       -2.4217530000000001E-002
  0.81016337999999999       -2.4077780000000000E-002
  0.81139388999999995       -2.3938160000000000E-002
  0.81262133000000003       -2.3798699999999999E-002
  0.81384568000000002       -2.3659380000000001E-002
  0.81506694000000002       -2.3520220000000001E-002
  0.81628508000000000       -2.3381209999999999E-002
  0.81750009999999995       -2.3242369999999998E-002
  0.81871198999999995       -2.3103680000000001E-002
  0.81992074000000004       -2.2965159999999998E-002
  0.82112633000000002       -2.2826800000000001E-002
  0.82232874000000000       -2.2688610000000001E-002
  0.82352798000000005       -2.2550600000000001E-002
  0.82472402000000000       -2.2412760000000000E-002
  0.82591685999999997       -2.2275099999999999E-002
  0.82710647999999998       -2.2137620000000000E-002
  0.82829288000000001       -2.2000320000000000E-002
  0.82947603000000003       -2.1863210000000001E-002
  0.83065593000000004       -2.1726289999999999E-002
  0.83183256999999999       -2.1589560000000001E-002
  0.83300593000000001       -2.1453020000000000E-002
  0.83417600999999997       -2.1316680000000001E-002
  0.83534279000000000       -2.1180549999999999E-002
  0.83650625999999995       -2.1044609999999998E-002
  0.83766640000000003       -2.0908880000000001E-002
  0.83882321999999998       -2.0773360000000001E-002
  0.83997668999999997       -2.0638050000000002E-002
  0.84112679999999995       -2.0502949999999999E-002
  0.84227355000000004       -2.0368069999999999E-002
  0.84341692000000001       -2.0233410000000000E-002
  0.84455690000000005       -2.0098979999999999E-002
  0.84569348000000000       -1.9964760000000002E-002
  0.84682665000000001       -1.9830779999999999E-002
  0.84795640000000005       -1.9697019999999999E-002
  0.84908271000000002       -1.9563500000000001E-002
  0.85020558000000002       -1.9430210000000000E-002
  0.85132498000000001       -1.9297160000000001E-002
  0.85244092999999999       -1.9164359999999998E-002
  0.85355338999999997       -1.9031790000000000E-002
  0.85466235999999995       -1.8899480000000000E-002
  0.85576783999999995       -1.8767410000000002E-002
  0.85686980000000001       -1.8635599999999999E-002
  0.85796824000000005       -1.8504039999999999E-002
  0.85906315000000000       -1.8372739999999999E-002
  0.86015450999999998       -1.8241700000000000E-002
  0.86124232000000001       -1.8110919999999999E-002
  0.86232657000000001       -1.7980409999999999E-002
  0.86340722999999997       -1.7850160000000000E-002
  0.86448431000000003       -1.7720190000000000E-002
  0.86555780000000004       -1.7590490000000000E-002
  0.86662766999999996       -1.7461069999999999E-002
  0.86769392999999995       -1.7331929999999999E-002
  0.86875656000000001       -1.7203070000000001E-002
  0.86981554999999999       -1.7074490000000001E-002
  0.87087088999999995       -1.6946210000000000E-002
  0.87192256000000001       -1.6818210000000000E-002
  0.87297057000000000       -1.6690509999999999E-002
  0.87401490000000004       -1.6563100000000001E-002
  0.87505553000000003       -1.6435990000000001E-002
  0.87609247000000001       -1.6309180000000000E-002
  0.87712568999999996       -1.6182670000000000E-002
  0.87815518999999997       -1.6056470000000000E-002
  0.87918096000000001       -1.5930580000000000E-002
  0.88020297999999997       -1.5805000000000000E-002
  0.88122126000000001       -1.5679740000000001E-002
  0.88223576999999997       -1.5554790000000001E-002
  0.88324650000000005       -1.5430160000000000E-002
  0.88425346000000005       -1.5305859999999999E-002
  0.88525662000000005       -1.5181880000000000E-002
  0.88625598000000005       -1.5058230000000001E-002
  0.88725153000000001       -1.4934909999999999E-002
  0.88824325999999998       -1.4811919999999999E-002
  0.88923114999999997       -1.4689260000000001E-002
  0.89021519999999998       -1.4566950000000000E-002
  0.89119541000000002       -1.4444980000000000E-002
  0.89217175000000004       -1.4323350000000000E-002
  0.89314422000000004       -1.4202060000000001E-002
  0.89411280999999998       -1.4081130000000001E-002
  0.89507751000000002       -1.3960550000000000E-002
  0.89603831000000000       -1.3840320000000000E-002
  0.89699519999999999       -1.3720450000000000E-002
  0.89794817000000005       -1.3600940000000001E-002
  0.89889722000000005       -1.3481790000000000E-002
  0.89984233000000002       -1.3363000000000000E-002
  0.90078349000000002       -1.3244580000000001E-002
  0.90172070000000004       -1.3126540000000001E-002
  0.90265393999999999       -1.3008860000000001E-002
  0.90358320999999997       -1.2891560000000000E-002
  0.90450850000000005       -1.2774640000000000E-002
  0.90542979000000001       -1.2658100000000000E-002
  0.90634707999999997       -1.2541940000000000E-002
  0.90726035999999999       -1.2426170000000000E-002
  0.90816962999999995       -1.2310780000000000E-002
  0.90907486000000004       -1.2195790000000000E-002
  0.90997605000000004       -1.2081190000000000E-002
  0.91087320000000005       -1.1966990000000000E-002
  0.91176630000000003       -1.1853180000000000E-002
  0.91265532999999999       -1.1739770000000000E-002
  0.91354029000000003       -1.1626770000000000E-002
  0.91442115999999996       -1.1514180000000001E-002
  0.91529795000000003       -1.1401990000000001E-002
  0.91617064000000004       -1.1290220000000000E-002
  0.91703922000000004       -1.1178860000000001E-002
  0.91790368000000000       -1.1067910000000000E-002
  0.91876402000000001       -1.0957389999999999E-002
  0.91962023000000004       -1.0847280000000001E-002
  0.92047228999999997       -1.0737600000000000E-002
  0.92132020999999997       -1.0628350000000000E-002
  0.92216396000000000       -1.0519519999999999E-002
  0.92300355000000001       -1.0411129999999999E-002
  0.92383897000000004       -1.0303170000000000E-002
  0.92467020000000000       -1.0195650000000001E-002
  0.92549724000000000       -1.0088560000000000E-002
  0.92632007999999999       -9.9819200000000000E-003
  0.92713871999999997       -9.8757199999999993E-003
  0.92795313000000001       -9.7699699999999993E-003
  0.92876333000000000       -9.6646700000000002E-003
  0.92956928999999999       -9.5598100000000002E-003
  0.93037101000000000       -9.4554200000000008E-003
  0.93116849000000002       -9.3514700000000006E-003
  0.93196171000000005       -9.2479899999999993E-003
  0.93275067000000000       -9.1449700000000005E-003
  0.93353534999999999       -9.0424100000000007E-003
  0.93431576000000005       -8.9403199999999999E-003
  0.93509187999999999       -8.8386899999999997E-003
  0.93586369999999997       -8.7375400000000002E-003
  0.93663123000000004       -8.6368599999999997E-003
  0.93739444000000005       -8.5366599999999997E-003
  0.93815333999999995       -8.4369300000000005E-003
  0.93890790999999996       -8.3376800000000001E-003
  0.93965816000000002       -8.2389200000000003E-003
  0.94040405999999999       -8.1406399999999993E-003
  0.94114560999999997       -8.0428500000000007E-003
  0.94188282000000001       -7.9455499999999991E-003
  0.94261565999999997       -7.8487399999999999E-003
  0.94334412999999995       -7.7524300000000003E-003
  0.94406822000000001       -7.6566100000000003E-003
  0.94478793999999999       -7.5612900000000000E-003
  0.94550325999999996       -7.4664700000000002E-003
  0.94621418999999996       -7.3721600000000000E-003
  0.94692071000000000       -7.2783500000000003E-003
  0.94762281999999998       -7.1850500000000001E-003
  0.94832052000000000       -7.0922600000000004E-003
  0.94901378999999997       -6.9999900000000002E-003
  0.94970262999999999       -6.9082299999999996E-003
  0.95038703000000002       -6.8169800000000003E-003
  0.95106698000000001       -6.7262600000000004E-003
  0.95174247999999995       -6.6360600000000000E-003
  0.95241352999999995       -6.5463800000000001E-003
  0.95308011000000004       -6.4572299999999996E-003
  0.95374221000000003       -6.3686100000000002E-003
  0.95439984000000000       -6.2805200000000004E-003
  0.95505298999999999       -6.1929600000000000E-003
  0.95570164000000002       -6.1059299999999999E-003
  0.95634578999999997       -6.0194500000000000E-003
  0.95698545000000002       -5.9335000000000004E-003
  0.95762058999999999       -5.8480900000000002E-003
  0.95825121000000002       -5.7632300000000003E-003
  0.95887730999999998       -5.6789099999999997E-003
  0.95949888999999999       -5.5951500000000001E-003
  0.96011592000000001       -5.5119300000000000E-003
  0.96072842000000003       -5.4292600000000000E-003
  0.96133637000000005       -5.3471500000000002E-003
  0.96193976999999997       -5.2655899999999997E-003
  0.96253860000000002       -5.1846000000000001E-003
  0.96313287999999997       -5.1041599999999999E-003
  0.96372258000000000       -5.0242799999999999E-003
  0.96430769999999999       -4.9449699999999999E-003
  0.96488823999999995       -4.8662300000000000E-003
  0.96546419999999999       -4.7880500000000003E-003
  0.96603556000000002       -4.7104499999999997E-003
  0.96660232000000001       -4.6334200000000001E-003
  0.96716447000000005       -4.5569599999999997E-003
  0.96772201999999996       -4.4810800000000001E-003
  0.96827494000000003       -4.4057699999999998E-003
  0.96882325000000002       -4.3310500000000004E-003
  0.96936692999999996       -4.2569100000000000E-003
  0.96990597999999995       -4.1833499999999997E-003
  0.97044037999999999       -4.1103800000000003E-003
  0.97097014999999998       -4.0379999999999999E-003
  0.97149527000000002       -3.9662100000000004E-003
  0.97201572999999997       -3.8950000000000000E-003
  0.97253153999999997       -3.8243999999999999E-003
  0.97304268000000005       -3.7543799999999999E-003
  0.97354914999999997       -3.6849700000000001E-003
  0.97405094999999997       -3.6161499999999998E-003
  0.97454806999999999       -3.5479399999999999E-003
  0.97504051000000003       -3.4803199999999999E-003
  0.97552826000000004       -3.4133100000000001E-003
  0.97601130999999997       -3.3469099999999998E-003
  0.97648966999999998       -3.2811099999999998E-003
  0.97696333000000002       -3.2159300000000001E-003
  0.97743226999999999       -3.1513499999999998E-003
  0.97789651000000000       -3.0873900000000002E-003
  0.97835603000000004       -3.0240499999999999E-003
  0.97881081999999997       -2.9613199999999999E-003
  0.97926089000000005       -2.8992000000000002E-003
  0.97970623999999995       -2.8377099999999998E-003
  0.98014683999999996       -2.7768400000000000E-003
  0.98058270999999997       -2.7165900000000001E-003
  0.98101384000000003       -2.6569699999999998E-003
  0.98144021000000004       -2.5979699999999998E-003
  0.98186183999999999       -2.5395999999999999E-003
  0.98227871000000000       -2.4818499999999999E-003
  0.98269081999999996       -2.4247399999999999E-003
  0.98309816999999999       -2.3682600000000001E-003
  0.98350073999999998       -2.3124199999999999E-003
  0.98389855000000004       -2.2572099999999999E-003
  0.98429158000000005       -2.2026400000000001E-003
  0.98467983000000003       -2.1486999999999999E-003
  0.98506329999999998       -2.0954099999999998E-003
  0.98544198000000005       -2.0427499999999999E-003
  0.98581587000000004       -1.9907400000000000E-003
  0.98618496000000000       -1.9393699999999999E-003
  0.98654925999999998       -1.8886500000000000E-003
  0.98690875000000000       -1.8385700000000001E-003
  0.98726343999999999       -1.7891500000000000E-003
  0.98761330999999997       -1.7403700000000000E-003
  0.98795838000000002       -1.6922400000000000E-003
  0.98829862999999996       -1.6447600000000001E-003
  0.98863405999999998       -1.5979400000000000E-003
  0.98896466999999999       -1.5517700000000001E-003
  0.98929045000000004       -1.5062599999999999E-003
  0.98961140999999997       -1.4614000000000001E-003
  0.98992753000000000       -1.4172099999999999E-003
  0.99023881000000002       -1.3736700000000000E-003
  0.99054525999999998       -1.3307900000000001E-003
  0.99084686000000000       -1.2885800000000001E-003
  0.99114363000000005       -1.2470199999999999E-003
  0.99143554000000000       -1.2061400000000001E-003
  0.99172260000000001       -1.1659100000000000E-003
  0.99200480999999996       -1.1263600000000001E-003
  0.99228216999999996       -1.0874700000000001E-003
  0.99255466000000003       -1.0492500000000001E-003
  0.99282230000000005       -1.0116900000000000E-003
  0.99308507000000001       -9.7481000000000000E-004
  0.99334297000000005       -9.3860000000000005E-004
  0.99359600999999997       -9.0306999999999996E-004
  0.99384417000000003       -8.6819999999999996E-004
  0.99408746000000003       -8.3401000000000005E-004
  0.99432586999999995       -8.0050000000000000E-004
  0.99455941000000003       -7.6765999999999998E-004
  0.99478805999999997       -7.3550000000000004E-004
  0.99501183000000004       -7.0401999999999997E-004
  0.99523070999999996       -6.7321999999999998E-004
  0.99544471000000001       -6.4309999999999997E-004
  0.99565382000000002       -6.1364999999999998E-004
  0.99585802999999995       -5.8489000000000002E-004
  0.99605734999999995       -5.5681000000000003E-004
  0.99625178000000003       -5.2941999999999996E-004
  0.99644129999999997       -5.0270999999999996E-004
  0.99662592999999999       -4.7668000000000000E-004
  0.99680566000000004       -4.5134000000000000E-004
  0.99698047999999995       -4.2667999999999997E-004
  0.99715039999999999       -4.0271000000000003E-004
  0.99731541000000001       -3.7942999999999999E-004
  0.99747551000000001       -3.5683999999999998E-004
  0.99763069999999998       -3.3492999999999999E-004
  0.99778098000000004       -3.1372000000000003E-004
  0.99792634999999996       -2.9318999999999998E-004
  0.99806680000000003       -2.7336000000000000E-004
  0.99820233999999997       -2.5420999999999999E-004
  0.99833296000000005       -2.3576000000000001E-004
  0.99845866999999999       -2.1800000000000001E-004
  0.99857945000000004       -2.0092999999999999E-004
  0.99869531000000000       -1.8456000000000001E-004
  0.99880625000000001       -1.6888000000000000E-004
  0.99891227000000005       -1.5389000000000001E-004
  0.99901335999999996       -1.3959000000000001E-004
  0.99910953000000002       -1.2599000000000000E-004
  0.99920078000000001       -1.1309000000000000E-004
  0.99928709000000004       -1.0088000000000000E-004
  0.99936848000000000       -8.9370000000000007E-005
  0.99944493999999995       -7.8549999999999998E-005
  0.99951646999999999       -6.8429999999999994E-005
  0.99958307000000002       -5.9009999999999999E-005
  0.99964474000000003       -5.0280000000000000E-005
  0.99970146999999998       -4.2249999999999997E-005
  0.99975327999999997       -3.4919999999999998E-005
  0.99980015000000000       -2.8289999999999998E-005
  0.99984209000000002       -2.2350000000000001E-005
  0.99987910000000002       -1.7110000000000001E-005
  0.99991118000000001       -1.2570000000000000E-005
  0.99993832000000005       -8.7299999999999994E-006
  0.99996052000000002       -5.5899999999999998E-006
  0.99997778999999998       -3.1400000000000000E-006
  0.99999013000000003       -1.3999999999999999E-006
  0.99999753000000002       -3.4999999999999998E-007
   1.0000000000000000        0.0000000000000000     
