   1.0000000000000000        2.2492794056899426E-065
  0.99999753000000002        3.4999999999999998E-007
  0.99999013000000003        1.4000000000000006E-006
  0.99997778999999998        3.1400000000000165E-006
  0.99996052000000002        5.5900000000001650E-006
  0.99993832000000005        8.7300000000009837E-006
  0.99991118000000001        1.2570000000004233E-005
  0.99987910000000002        1.7110000000014532E-005
  0.99984209000000002        2.2350000000042299E-005
  0.99980015000000000        2.8290000000108520E-005
  0.99975327999999997        3.4920000000252081E-005
  0.99970146999999998        4.2250000000540397E-005
  0.99964474000000003        5.0280000001083890E-005
  0.99958307000000002        5.9010000002056317E-005
  0.99951646999999999        6.8430000003720244E-005
  0.99944493999999995        7.8550000006460746E-005
  0.99936848000000000        8.9370000010827270E-005
  0.99928709000000004        1.0088000001758569E-004
  0.99920078000000001        1.1309000002778046E-004
  0.99910953000000002        1.2599000004281615E-004
  0.99901335999999996        1.3959000006453937E-004
  0.99891227000000005        1.5389000009535350E-004
  0.99880625000000001        1.6888000013834745E-004
  0.99869531000000000        1.8456000019743108E-004
  0.99857945000000004        2.0093000027751330E-004
  0.99845866999999999        2.1800000038469348E-004
  0.99833296000000005        2.3576000052649471E-004
  0.99820233999999997        2.5421000071206690E-004
  0.99806680000000003        2.7336000095253606E-004
  0.99792634999999996        2.9319000126125475E-004
  0.99778098000000004        3.1372000165422908E-004
  0.99763069999999998        3.3493000215042247E-004
  0.99747551000000001        3.5684000277226043E-004
  0.99731541000000001        3.7943000354609321E-004
  0.99715039999999999        4.0271000450272878E-004
  0.99698047999999995        4.2668000567801776E-004
  0.99680566000000004        4.5134000711340643E-004
  0.99662592999999999        4.7668000885687275E-004
  0.99644129999999997        5.0271001096335757E-004
  0.99625178000000003        5.2942001349569941E-004
  0.99605734999999995        5.5681001652601236E-004
  0.99585802999999995        5.8489002013566865E-004
  0.99565382000000002        6.1365002441716304E-004
  0.99544471000000001        6.4310002947525846E-004
  0.99523070999999996        6.7322003542750585E-004
  0.99501183000000004        7.0402004240585332E-004
  0.99478805999999997        7.3550005055878648E-004
  0.99455941000000003        7.6766006005154824E-004
  0.99432586999999995        8.0050007106922212E-004
  0.99408746000000003        8.3401008381621270E-004
  0.99384417000000003        8.6820009852090223E-004
  0.99359600999999997        9.0307011543506218E-004
  0.99334297000000005        9.3860013483836686E-004
  0.99308507000000001        9.7481015703694833E-004
  0.99282230000000005        1.0116901823703285E-003
  0.99255466000000003        1.0492502112109327E-003
  0.99228216999999996        1.0874702439649102E-003
  0.99200480999999996        1.1263602810819616E-003
  0.99172260000000001        1.1659103230486074E-003
  0.99143554000000000        1.2061403703985880E-003
  0.99114363000000005        1.2470204237138532E-003
  0.99084686000000000        1.2885804836301317E-003
  0.99054525999999998        1.3307905508299577E-003
  0.99023881000000002        1.3736706260651223E-003
  0.98992753000000000        1.4172107101410425E-003
  0.98961140999999997        1.4614008039375934E-003
  0.98929045000000004        1.5062609084039622E-003
  0.98896466999999999        1.5517710245581747E-003
  0.98863405999999998        1.5979411535088695E-003
  0.98829862999999996        1.6447612964432346E-003
  0.98795838000000002        1.6922414546431371E-003
  0.98761330999999997        1.7403716294872834E-003
  0.98726343999999999        1.7891518224455410E-003
  0.98690875000000000        1.8385720351175290E-003
  0.98654925999999998        1.8886522691946887E-003
  0.98618496000000000        1.9393725265076781E-003
  0.98581587000000004        1.9907428089938960E-003
  0.98544198000000005        2.0427531187469858E-003
  0.98506329999999998        2.0954134579873641E-003
  0.98467983000000003        2.1487038290932000E-003
  0.98429158000000005        2.2026442345903299E-003
  0.98389855000000004        2.2572146771798552E-003
  0.98350073999999998        2.3124251597382902E-003
  0.98309816999999999        2.3682656852995953E-003
  0.98269081999999996        2.4247462571418128E-003
  0.98227871000000000        2.4818568786921717E-003
  0.98186183999999999        2.5396075536163313E-003
  0.98144021000000004        2.5979782858037677E-003
  0.98101384000000003        2.6569790793402122E-003
  0.98058270999999997        2.7165999386291250E-003
  0.98014683999999996        2.7768508682542198E-003
  0.97970623999999995        2.8377218730807285E-003
  0.97926089000000005        2.8992129583247173E-003
  0.97881081999999997        2.9613341293756755E-003
  0.97835603000000004        3.0240653919964139E-003
  0.97789651000000000        3.0874067523013618E-003
  0.97743226999999999        3.1513682166832680E-003
  0.97696333000000002        3.2159497918428041E-003
  0.97648966999999998        3.2811314849761106E-003
  0.97601130999999997        3.3469333035214496E-003
  0.97552826000000004        3.4133352553371633E-003
  0.97504051000000003        3.4803473487732407E-003
  0.97454806999999999        3.5479695925268399E-003
  0.97405094999999997        3.6161819957327033E-003
  0.97354914999999997        3.6850045680331032E-003
  0.97304268000000005        3.7544173194993878E-003
  0.97253153999999997        3.8244402607536111E-003
  0.97201572999999997        3.8950434029418695E-003
  0.97149527000000002        3.9662567576226413E-003
  0.97097014999999998        4.0380503371007471E-003
  0.97044037999999999        4.1104341541353525E-003
  0.96990597999999995        4.1834082220011653E-003
  0.96936692999999996        4.2569725549010942E-003
  0.96882325000000002        4.3311171673804938E-003
  0.96827494000000003        4.4058420748121097E-003
  0.96772201999999996        4.4811572930796694E-003
  0.96716447000000005        4.5570428391645485E-003
  0.96660232000000001        4.6335087303091254E-003
  0.96603556000000002        4.7105449849260649E-003
  0.96546419999999999        4.7881516220231431E-003
  0.96488823999999995        4.8663386615490382E-003
  0.96430769999999999        4.9450861240575910E-003
  0.96372258000000000        5.0244040312253440E-003
  0.96313287999999997        5.1042924056565499E-003
  0.96253860000000002        5.1847412709154911E-003
  0.96193976999999997        5.2657406510782604E-003
  0.96133637000000005        5.3473105719951146E-003
  0.96072842000000003        5.4294310599322312E-003
  0.96011592000000001        5.5121121425537522E-003
  0.95949888999999999        5.5953438482642783E-003
  0.95887730999999998        5.6791162073744879E-003
  0.95825121000000002        5.7634492504071381E-003
  0.95762058999999999        5.8483230096785816E-003
  0.95698545000000002        5.9337475187832642E-003
  0.95634578999999997        6.0197128126350330E-003
  0.95570164000000002        6.1062089267420357E-003
  0.95505298999999999        6.1932558989472959E-003
  0.95439984000000000        6.2808337683045636E-003
  0.95374221000000003        6.3689425747728038E-003
  0.95308011000000004        6.4575823600480781E-003
  0.95241352999999995        6.5467531679883895E-003
  0.95174247999999995        6.6364550434658441E-003
  0.95106698000000001        6.7266780326231809E-003
  0.95038703000000002        6.8174221839322185E-003
  0.94970262999999999        6.9086975476348855E-003
  0.94901378999999997        7.0004841754015912E-003
  0.94832052000000000        7.0927821207130044E-003
  0.94762281999999998        7.1856014393387345E-003
  0.94692071000000000        7.2789321881371761E-003
  0.94621418999999996        7.3727744267895346E-003
  0.94550325999999996        7.4671182170694111E-003
  0.94478793999999999        7.5619736218932258E-003
  0.94406822000000001        7.6573307078036173E-003
  0.94334412999999995        7.7531895415099529E-003
  0.94261565999999997        7.8495401940710287E-003
  0.94188282000000001        7.9463927378437046E-003
  0.94114560999999997        8.0437372481681740E-003
  0.94040405999999999        8.1415738009906098E-003
  0.93965816000000002        8.2399024772117028E-003
  0.93890790999999996        8.3387133597977083E-003
  0.93815333999999995        8.4380165322906521E-003
  0.93739444000000005        8.5378020836877743E-003
  0.93663123000000004        8.6380601036416382E-003
  0.93586369999999997        8.7388006869276637E-003
  0.93509187999999999        8.8400139281190598E-003
  0.93431576000000005        8.9417099279763771E-003
  0.93353534999999999        9.0438687887574379E-003
  0.93275067000000000        9.1465006149078088E-003
  0.93196171000000005        9.2495955168297190E-003
  0.93116849000000002        9.3531536054676026E-003
  0.93037101000000000        9.4571849970516760E-003
  0.92956928999999999        9.5616598092365113E-003
  0.92876333000000000        9.6666081652661603E-003
  0.92795313000000001        9.7720001921336209E-003
  0.92713871999999997        9.8778460170835317E-003
  0.92632007999999999        9.9841457769898369E-003
  0.92549724000000000        1.0090889606674759E-002
  0.92467020000000000        1.0198087648537756E-002
  0.92383897000000004        1.0305720047813608E-002
  0.92300355000000001        1.0413796955283728E-002
  0.92216396000000000        1.0522308523196402E-002
  0.92132020999999997        1.0631264909437733E-002
  0.92047228999999997        1.0740646279448556E-002
  0.91962023000000004        1.0850462797082518E-002
  0.91876402000000001        1.0960714637105726E-002
  0.91790368000000000        1.1071381974213193E-002
  0.91703922000000004        1.1182484989484444E-002
  0.91617064000000004        1.1294003870770451E-002
  0.91529795000000003        1.1405938809264649E-002
  0.91442115999999996        1.1518300001293927E-002
  0.91354029000000003        1.1631067646377634E-002
  0.91265532999999999        1.1744251955468207E-002
  0.91176630000000003        1.1857853138965476E-002
  0.91087320000000005        1.1971861417086055E-002
  0.90997605000000004        1.2086267011372564E-002
  0.90907486000000004        1.2201080151292985E-002
  0.90816962999999995        1.2316291074721892E-002
  0.90726035999999999        1.2431910025895783E-002
  0.90634707999999997        1.2547917247642374E-002
  0.90542979000000001        1.2664322996609505E-002
  0.90450850000000005        1.2781117533399397E-002
  0.90358320999999997        1.2898301128068040E-002
  0.90265393999999999        1.3015874051756315E-002
  0.90172070000000004        1.3133836585148799E-002
  0.90078349000000002        1.3252169019054256E-002
  0.89984233000000002        1.3370891645231739E-002
  0.89889722000000005        1.3489994769014775E-002
  0.89794817000000005        1.3609468700047716E-002
  0.89699519999999999        1.3729313751933012E-002
  0.89603831000000000        1.3849530252866024E-002
  0.89507751000000002        1.3970118535495018E-002
  0.89411280999999998        1.4091068940431738E-002
  0.89314422000000004        1.4212381816401285E-002
  0.89217175000000004        1.4334067520394069E-002
  0.89119541000000002        1.4456106417819806E-002
  0.89021519999999998        1.4578498887035503E-002
  0.88923114999999997        1.4701245302142464E-002
  0.88824325999999998        1.4824356059001807E-002
  0.88725153000000001        1.4947811563042862E-002
  0.88625598000000005        1.5071612219666663E-002
  0.88525662000000005        1.5195758448160439E-002
  0.88425346000000005        1.5320250677368259E-002
  0.88324650000000005        1.5445079351185447E-002
  0.88223576999999997        1.5570254907587925E-002
  0.88122126000000001        1.5695767815928737E-002
  0.88020297999999997        1.5821608545481734E-002
  0.87918096000000001        1.5947787564094804E-002
  0.87815518999999997        1.6074295373366489E-002
  0.87712568999999996        1.6201132468197269E-002
  0.87609247000000001        1.6328299360258560E-002
  0.87505553000000003        1.6455786579019437E-002
  0.87401490000000004        1.6583594645642293E-002
  0.87297057000000000        1.6711724119337530E-002
  0.87192256000000001        1.6840165551045332E-002
  0.87087088999999995        1.6968929502924626E-002
  0.86981554999999999        1.7097996571180833E-002
  0.86875656000000001        1.7227387342691195E-002
  0.86769392999999995        1.7357082424073026E-002
  0.86662766999999996        1.7487082434723668E-002
  0.86555780000000004        1.7617387998646997E-002
  0.86448431000000003        1.7747999777986811E-002
  0.86340722999999997        1.7878908414759774E-002
  0.86232657000000001        1.8010124580934501E-002
  0.86124232000000001        1.8141628980887198E-002
  0.86015450999999998        1.8273432296848028E-002
  0.85906315000000000        1.8405525242980593E-002
  0.85796824000000005        1.8537908557975401E-002
  0.85686980000000001        1.8670582975732059E-002
  0.85576783999999995        1.8803539254649164E-002
  0.85466235999999995        1.8936788179130727E-002
  0.85355338999999997        1.9070310516906341E-002
  0.85244092999999999        1.9204127083249773E-002
  0.85132498000000001        1.9338208710460297E-002
  0.85020558000000002        1.9472576200511158E-002
  0.84908271000000002        1.9607220441559454E-002
  0.84795640000000005        1.9742132279429447E-002
  0.84682665000000001        1.9877322612908980E-002
  0.84569348000000000        2.0012772332936211E-002
  0.84455690000000005        2.0148502360070365E-002
  0.84341692000000001        2.0284483632545688E-002
  0.84227355000000004        2.0420737106536021E-002
  0.84112679999999995        2.0557253756422235E-002
  0.83997668999999997        2.0694034560274785E-002
  0.83882321999999998        2.0831070543784309E-002
  0.83766640000000003        2.0968362737563827E-002
  0.83650625999999995        2.1105912159797045E-002
  0.83534279000000000        2.1243719910223589E-002
  0.83417600999999997        2.1381767061549192E-002
  0.83300593000000001        2.1520074722090873E-002
  0.83183256999999999        2.1658634003157567E-002
  0.83065593000000004        2.1797436070757698E-002
  0.82947603000000003        2.1936482077037966E-002
  0.82829288000000001        2.2075773212392433E-002
  0.82710647999999998        2.2215310707824530E-002
  0.82591685999999997        2.2355085759388188E-002
  0.82472402000000000        2.2495099641637029E-002
  0.82352798000000005        2.2635353612517856E-002
  0.82232874000000000        2.2775838992633808E-002
  0.82112633000000002        2.2916567063460982E-002
  0.81992074000000004        2.3057529213322197E-002
  0.81871198999999995        2.3198716791113173E-002
  0.81750009999999995        2.3340141167765806E-002
  0.81628508000000000        2.3481783759800826E-002
  0.81506694000000002        2.3623666008308751E-002
  0.81384568000000002        2.3765769403643902E-002
  0.81262133000000003        2.3908105388830408E-002
  0.81139388999999995        2.4050655504489041E-002
  0.81016337999999999        2.4193441267296795E-002
  0.80892980999999997        2.4336434244476665E-002
  0.80769318999999995        2.4479656029773676E-002
  0.80645352999999997        2.4623098243799435E-002
  0.80521083999999998        2.4766752534379616E-002
  0.80396515000000002        2.4910630519007732E-002
  0.80271645000000003        2.5054723956405147E-002
  0.80146477000000005        2.5199024517684583E-002
  0.80021010999999997        2.5343543989977502E-002
  0.79895249000000002        2.5488274128892187E-002
  0.79769192000000000        2.5633216748824603E-002
  0.79642840999999998        2.5778373693753954E-002
  0.79516197000000000        2.5923736837610272E-002
  0.79389262999999999        2.6069308016170228E-002
  0.79262038000000001        2.6215089229994690E-002
  0.79134523999999995        2.6361072409345643E-002
  0.79006723000000001        2.6507269512972834E-002
  0.78878634999999997        2.6653672602713320E-002
  0.78750262999999998        2.6800273661708722E-002
  0.78621605999999999        2.6947084854262240E-002
  0.78492667000000005        2.7094088225722266E-002
  0.78363446999999997        2.7241305928922200E-002
  0.78233947999999998        2.7388720109085940E-002
  0.78104169000000001        2.7536333067942051E-002
  0.77974113000000000        2.7684146976954586E-002
  0.77843781000000001        2.7832164122856735E-002
  0.77713173999999996        2.7980376827413854E-002
  0.77582293999999996        2.8128797402371213E-002
  0.77451141000000001        2.8277408284408639E-002
  0.77319716999999999        2.8426211855483462E-002
  0.77188024000000000        2.8575220530458599E-002
  0.77056062999999997        2.8724426806535946E-002
  0.76923834000000002        2.8873833268359007E-002
  0.76791339999999997        2.9023422388830065E-002
  0.76658581000000003        2.9173216827460813E-002
  0.76525558999999999        2.9323209179982407E-002
  0.76392276000000003        2.9473392076955336E-002
  0.76258731000000002        2.9623778349736830E-002
  0.76124928000000003        2.9774350596317740E-002
  0.75990866999999995        2.9925121671470864E-002
  0.75856550000000000        3.0076084357754489E-002
  0.75721976999999996        3.0227251593372226E-002
  0.75587150000000003        3.0378606240792749E-002
  0.75452070999999998        3.0530161199616174E-002
  0.75316740000000004        3.0681899533007099E-002
  0.75181160000000002        3.0833844158465840E-002
  0.75045331000000004        3.0985978223242450E-002
  0.74909254999999997        3.1138314789227996E-002
  0.74772932999999997        3.1290847025016860E-002
  0.74636367000000003        3.1443568073999992E-002
  0.74499557999999999        3.1596491189444804E-002
  0.74362505999999995        3.1749609741298930E-002
  0.74225215000000000        3.1902926857329893E-002
  0.74087683999999998        3.2056436067633046E-002
  0.73949914999999999        3.2210140731441607E-002
  0.73811910000000003        3.2364054249013265E-002
  0.73673670000000002        3.2518160140600230E-002
  0.73535196999999997        3.2672471893532479E-002
  0.73396490999999997        3.2826973200260748E-002
  0.73257554000000003        3.2981687640954396E-002
  0.73118388000000001        3.3136588838364352E-002
  0.72978993000000003        3.3291710630344883E-002
  0.72839372000000002        3.3447016647094055E-002
  0.72699524999999998        3.3602540823860730E-002
  0.72559454000000001        3.3758266970544293E-002
  0.72419160999999999        3.3914188941152557E-002
  0.72278646000000002        3.4070330822291710E-002
  0.72137912000000004        3.4226676471038733E-002
  0.71996958000000000        3.4383230172737173E-002
  0.71855787999999998        3.4539985782347141E-002
  0.71714401999999999        3.4696957590484259E-002
  0.71572802000000002        3.4854149742093964E-002
  0.71430989000000000        3.5011546532800260E-002
  0.71288965000000004        3.5169162205496061E-002
  0.71146730000000002        3.5326991266170699E-002
  0.71004286000000005        3.5485038062521783E-002
  0.70861635999999995        3.5643296877631722E-002
  0.70718778999999998        3.5801782490078919E-002
  0.70575717999999998        3.5960489285998869E-002
  0.70432454000000000        3.6119421927532522E-002
  0.70288987999999997        3.6278585133105092E-002
  0.70145321999999999        3.6437963555953440E-002
  0.70001457000000000        3.6597572022192090E-002
  0.69857395000000000        3.6757415289289760E-002
  0.69713135999999998        3.6917488420523309E-002
  0.69568682999999998        3.7077796154815101E-002
  0.69424037000000005        3.7238333537477304E-002
  0.69279199999999996        3.7399115537872549E-002
  0.69134172000000005        3.7560137449726777E-002
  0.68988954999999996        3.7721394356765379E-002
  0.68843551000000003        3.7882901393598893E-002
  0.68697960000000002        3.8044644033819117E-002
  0.68552186000000004        3.8206647235673609E-002
  0.68406228000000002        3.8368896733619741E-002
  0.68260087999999997        3.8531397889065643E-002
  0.68113767999999997        3.8694146115396330E-002
  0.67967270000000002        3.8857166878058319E-002
  0.67820594000000001        3.9020436012154040E-002
  0.67673742000000003        3.9183969102948246E-002
  0.67526715999999998        3.9347771788385409E-002
  0.67379517000000000        3.9511839925747881E-002
  0.67232146000000004        3.9676179435839613E-002
  0.67084604999999997        3.9840796131377421E-002
  0.66936896000000001        4.0005675878366377E-002
  0.66789019000000005        4.0170844951232521E-002
  0.66640977000000001        4.0336289159222723E-002
  0.66492770999999995        4.0502024720402291E-002
  0.66344400999999997        4.0668038104169663E-002
  0.66195870999999995        4.0834355100872417E-002
  0.66047180000000005        4.1000952491611668E-002
  0.65898332000000004        4.1167856172006995E-002
  0.65749325999999997        4.1335053058372012E-002
  0.65600164999999999        4.1502559353112027E-002
  0.65450850000000005        4.1670371709416225E-002
  0.65301381999999997        4.1838486847453733E-002
  0.65151762999999996        4.2006921343936757E-002
  0.65001995000000001        4.2175671830194814E-002
  0.64852078999999996        4.2344745209419485E-002
  0.64702015999999996        4.2514138452600832E-002
  0.64551807999999999        4.2683858374786811E-002
  0.64401456999999995        4.2853911845743081E-002
  0.64250963000000005        4.3024296251717636E-002
  0.64100329000000000        4.3195028358132333E-002
  0.63949555000000002        4.3366095685048844E-002
  0.63798644000000004        4.3537515110896340E-002
  0.63647597000000000        4.3709284044802114E-002
  0.63496414999999995        4.3881409964962717E-002
  0.63345099000000005        4.4053890418899490E-002
  0.63193652000000000        4.4226732510806131E-002
  0.63042074999999997        4.4399943904649998E-002
  0.62890369000000002        4.4573532333897638E-002
  0.62738536000000000        4.4747495333674024E-002
  0.62586576999999999        4.4921830765212681E-002
  0.62434493999999996        4.5096556283569261E-002
  0.62282289000000002        4.5271679597620046E-002
  0.62129962000000005        4.5447179038191128E-002
  0.61977515000000005        4.5623092445854184E-002
  0.61824950000000001        4.5799397714669218E-002
  0.61672267999999997        4.5976123088685546E-002
  0.61519471000000003        4.6153256580850670E-002
  0.61366560999999997        4.6330796256861775E-002
  0.61213538000000001        4.6508770854598473E-002
  0.61060404999999995        4.6687168256506359E-002
  0.60907162000000004        4.6865997335803891E-002
  0.60753811999999996        4.7045266083363138E-002
  0.60600354999999995        4.7224983507408030E-002
  0.60446794999999998        4.7405137373506719E-002
  0.60293129999999995        4.7585747485177972E-002
  0.60139365000000000        4.7766821376735609E-002
  0.59985498999999998        4.7948348657565643E-002
  0.59831535000000002        4.8130357637156153E-002
  0.59677473000000003        4.8312827725549359E-002
  0.59523316999999998        4.8495786974061164E-002
  0.59369066000000004        4.8679235277123527E-002
  0.59214721999999997        4.8863161522010881E-002
  0.59060288000000005        4.9047594266858001E-002
  0.58905764999999999        4.9232522861194609E-002
  0.58751153000000000        4.9417967109829888E-002
  0.58596455000000003        4.9603915727308941E-002
  0.58441672000000000        4.9790388249632542E-002
  0.58286806000000002        4.9977393875861836E-002
  0.58131858000000003        5.0164922259232407E-002
  0.57976830000000001        5.0352992704337053E-002
  0.57821723000000003        5.0541604980027584E-002
  0.57666539000000006        5.0730768494503656E-002
  0.57511279000000004        5.0920483130477610E-002
  0.57355946000000002        5.1110767959807277E-002
  0.57200538999999995        5.1301613847052001E-002
  0.57045062000000002        5.1493039519510397E-002
  0.56889515000000002        5.1685035519473788E-002
  0.56733898999999999        5.1877632014553192E-002
  0.56578218000000002        5.2070817831565926E-002
  0.56422472000000001        5.2264603682012148E-002
  0.56266662000000001        5.2458999883222612E-002
  0.56110789999999999        5.2654006327046893E-002
  0.55954857999999996        5.2849632940627014E-002
  0.55798866999999996        5.3045880184899058E-002
  0.55642818999999999        5.3242768074054488E-002
  0.55486716000000003        5.3440296654828669E-002
  0.55330557999999996        5.3638467043978989E-002
  0.55174347000000001        5.3837299390343270E-002
  0.55018085999999999        5.4036783339957380E-002
  0.54861775000000002        5.4236940159217657E-002
  0.54705415999999996        5.4437770103994594E-002
  0.54549009999999998        5.4639284010563616E-002
  0.54392560000000001        5.4841481647781437E-002
  0.54236066000000005        5.5044374484018582E-002
  0.54079531000000003        5.5247972343401369E-002
  0.53922954999999995        5.5452286790248231E-002
  0.53766340000000001        5.5657308289257981E-002
  0.53609689000000005        5.5863056728415884E-002
  0.53453001000000000        5.6069534402583776E-002
  0.53296279999999996        5.6276750654157798E-002
  0.53139526000000004        5.6484717260062142E-002
  0.52982741000000000        5.6693434818647179E-002
  0.52825926999999995        5.6902913942184809E-002
  0.52669083999999999        5.7113156541328883E-002
  0.52512216000000000        5.7324171997287392E-002
  0.52355322999999998        5.7535972273089021E-002
  0.52198405999999997        5.7748568736986319E-002
  0.52041468000000002        5.7961951446457119E-002
  0.51884509000000001        5.8176152481815291E-002
  0.51727531999999998        5.8391151918350710E-002
  0.51570537999999999        5.8606981200607207E-002
  0.51413527999999997        5.8823631807423941E-002
  0.51256504999999997        5.9041113816956294E-002
  0.51099468999999997        5.9259439447526437E-002
  0.50942421999999998        5.9478619513886409E-002
  0.50785365999999998        5.9698654825369311E-002
  0.50628302000000003        5.9919556935827241E-002
  0.50471231999999999        6.0141326664750736E-002
  0.50314157000000004        6.0363975590618874E-002
  0.50157079000000004        6.0587514536637362E-002
  0.50000000000000000        6.0811944311724431E-002
  0.49842921000000001        6.1037286505620868E-002
  0.49685843000000002        6.1263522726847208E-002
  0.49528768000000001        6.1490693785534949E-002
  0.49371698000000003        6.1718780470078644E-002
  0.49214634000000002        6.1947804379803358E-002
  0.49057578000000002        6.2177766281924014E-002
  0.48900531000000003        6.2408667769934312E-002
  0.48743494999999998        6.2640539582343058E-002
  0.48586472000000003        6.2873362425673762E-002
  0.48429462000000001        6.3107158739630340E-002
  0.48272468000000002        6.3341938326083175E-002
  0.48115490999999999        6.3577692716118225E-002
  0.47958531999999998        6.3814453440517477E-002
  0.47801593999999997        6.4052200179430835E-002
  0.47644677000000002        6.4290965330623964E-002
  0.47487784000000000        6.4530738491890394E-002
  0.47330916000000001        6.4771541080576395E-002
  0.47174073000000000        6.5013365469892323E-002
  0.47017259000000000        6.5256230155946268E-002
  0.46860474000000002        6.5500147442862033E-002
  0.46703719999999999        6.5745107664215957E-002
  0.46546999000000000        6.5991121091568253E-002
  0.46390311000000001        6.6238209972595580E-002
  0.46233659999999999        6.6486362449945713E-002
  0.46077045000000000        6.6735601721024634E-002
  0.45920469000000003        6.6985926829122897E-002
  0.45763934000000001        6.7237347762767213E-002
  0.45607439999999999        6.7489866585814420E-002
  0.45450990000000002        6.7743492108296596E-002
  0.45294583999999999        6.7998236310262944E-002
  0.45138224999999998        6.8254097843920614E-002
  0.44981914000000001        6.8511087472225507E-002
  0.44825652999999999        6.8769214778003782E-002
  0.44669441999999998        6.9028481543121287E-002
  0.44513283999999997        6.9288896070167097E-002
  0.44357181000000001        6.9550457684078415E-002
  0.44201132999999998        6.9813187972214377E-002
  0.44045141999999998        7.0077076121407983E-002
  0.43889210000000001        7.0342141208713974E-002
  0.43733337999999999        7.0608393418360851E-002
  0.43577527999999999        7.0875821635260253E-002
  0.43421781999999998        7.1144444624884229E-002
  0.43266101000000001        7.1414252287863259E-002
  0.43110484999999998        7.1685275720231145E-002
  0.42954937999999998        7.1957500856738396E-002
  0.42799461000000000        7.2230947286480926E-002
  0.42644053999999998        7.2505605823491304E-002
  0.42488721000000002        7.2781481956315910E-002
  0.42333461000000000        7.3058597604653053E-002
  0.42178276999999997        7.3336939304060544E-002
  0.42023169999999999        7.3616526112137634E-002
  0.41868142000000003        7.3897355610849397E-002
  0.41713193999999998        7.4179436614483479E-002
  0.41558328000000000        7.4462766428185279E-002
  0.41403545000000003        7.4747363609408479E-002
  0.41248847000000000        7.5033215172503706E-002
  0.41094235000000001        7.5320339404296027E-002
  0.40939712000000000        7.5608731556423781E-002
  0.40785278000000003        7.5898391060817222E-002
  0.40630934000000002        7.6189335792635926E-002
  0.40476683000000002        7.6481570497595824E-002
  0.40322527000000002        7.6775081188645511E-002
  0.40168464999999998        7.7069878268556130E-002
  0.40014501000000002        7.7365974401046977E-002
  0.39860635000000000        7.7663368160543103E-002
  0.39706870000000000        7.7962053316770391E-002
  0.39553205000000002        7.8262039714701387E-002
  0.39399645000000000        7.8563337557507940E-002
  0.39246187999999999        7.8865937960384574E-002
  0.39092838000000002        7.9169842272326221E-002
  0.38939594999999999        7.9475058076695443E-002
  0.38786461999999999        7.9781587866395970E-002
  0.38633439000000003        8.0089428863539813E-002
  0.38480529000000002        8.0398583102592097E-002
  0.38327731999999998        8.0709057428590275E-002
  0.38175049999999999        8.1020855120556109E-002
  0.38022485000000000        8.1333959206097636E-002
  0.37870038000000000        8.1648394207162495E-002
  0.37717710999999998        8.1964132681048241E-002
  0.37565505999999999        8.2281206920458594E-002
  0.37413423000000001        8.2599592541884370E-002
  0.37261464000000000        8.2919291388306948E-002
  0.37109630999999998        8.3240315025090092E-002
  0.36957925000000003        8.3562656578582514E-002
  0.36806348000000000        8.3886317092119411E-002
  0.36654901000000001        8.4211289192517663E-002
  0.36503585000000000        8.4537575273956833E-002
  0.36352403000000000        8.4865173681087924E-002
  0.36201356000000001        8.5194086234809369E-002
  0.36050444999999998        8.5524304510203777E-002
  0.35899671000000000        8.5855829832306677E-002
  0.35749037000000000        8.6188659331159559E-002
  0.35598542999999999        8.6522785708648464E-002
  0.35448192000000001        8.6858205459965171E-002
  0.35297983999999999        8.7194920739573412E-002
  0.35147920999999999        8.7532929424341821E-002
  0.34998004999999999        8.7872229049401618E-002
  0.34848236999999999        8.8212798871006443E-002
  0.34698617999999998        8.8554647859489341E-002
  0.34549150000000001        8.8897772594347307E-002
  0.34399835000000001        8.9242159294455878E-002
  0.34250673999999998        8.9587805946589910E-002
  0.34101668000000002        8.9934700233227305E-002
  0.33952820000000000        9.0282855195186335E-002
  0.33804128999999999        9.0632242159282117E-002
  0.33655599000000003        9.0982871268909610E-002
  0.33507228999999999        9.1334723226401543E-002
  0.33359022999999999        9.1687797375443400E-002
  0.33210981000000001        9.2042081525726030E-002
  0.33063103999999999        9.2397570950473601E-002
  0.32915394999999997        9.2754246015638878E-002
  0.32767854000000002        9.3112113505953775E-002
  0.32620483000000000        9.3471165289365887E-002
  0.32473284000000002        9.3831372811169600E-002
  0.32326258000000002        9.4192749438968534E-002
  0.32179405999999999        9.4555258175118839E-002
  0.32032729999999998        9.4918919268730084E-002
  0.31886231999999998        9.5283692527179192E-002
  0.31739911999999998        9.5649582144954962E-002
  0.31593771999999998        9.6016577132278846E-002
  0.31447814000000002        9.6384656043421169E-002
  0.31302039999999998        9.6753806971998368E-002
  0.31156449000000003        9.7124024997652089E-002
  0.31011044999999998        9.7495292428216140E-002
  0.30865828000000001        9.7867601031906004E-002
  0.30720799999999998        9.8240927163431913E-002
  0.30575963000000000        9.8615256693513398E-002
  0.30431317000000002        9.8990580138772294E-002
  0.30286864000000002        9.9366882488108710E-002
  0.30142605000000000        9.9744140833054107E-002
  0.29998543000000000       0.10012234659516807     
  0.29854678000000001       0.10050146852361352     
  0.29711011999999998       0.10088150968848648     
  0.29567546000000000       0.10126243531060478     
  0.29424282000000002       0.10164423747354563     
  0.29281221000000002       0.10202689043560897     
  0.29138364000000000       0.10241038799166147     
  0.28995714000000000       0.10279468800492758     
  0.28853269999999998       0.10317978872826442     
  0.28711035000000001       0.10356566701053145     
  0.28569011000000000       0.10395229187023852     
  0.28427197999999998       0.10433965736854334     
  0.28285598000000001       0.10472773151619316     
  0.28144212000000002       0.10511648459370861     
  0.28003042000000000       0.10550591353895646     
  0.27862088000000002       0.10589598044274900     
  0.27721353999999998       0.10628665545052003     
  0.27580839000000001       0.10667793246263135     
  0.27440545999999999       0.10706977336351883     
  0.27300475000000002       0.10746215815903110     
  0.27160627999999998       0.10785506051907473     
  0.27021007000000002       0.10824844352468982     
  0.26881611999999999       0.10864230559881595     
  0.26742445999999997       0.10903658574309649     
  0.26603508999999997       0.10943128129064295     
  0.26464802999999998       0.10982635306774771     
  0.26326329999999998       0.11022177129489311     
  0.26188090000000003       0.11061751166488254     
  0.26050085000000001       0.11101354326444454     
  0.25912316000000002       0.11140982763400756     
  0.25774785000000000       0.11180634266957934     
  0.25637494000000000       0.11220304564639946     
  0.25500442000000001       0.11259992254838841     
  0.25363633000000002       0.11299692327677378     
  0.25227066999999997       0.11339401954581187     
  0.25090744999999998       0.11379117939526440     
  0.24954668999999999       0.11418835711994493     
  0.24818840000000000       0.11458553955538775     
  0.24683260000000001       0.11498266976099746     
  0.24547928999999999       0.11537972656026002     
  0.24412850000000000       0.11577665859113595     
  0.24278023000000001       0.11617344347797356     
  0.24143450000000000       0.11657003181942943     
  0.24009132999999999       0.11696638356659317     
  0.23875072000000000       0.11736246454578600     
  0.23741269000000001       0.11775824347898940     
  0.23607723999999999       0.11815366500473604     
  0.23474440999999999       0.11854870001651911     
  0.23341418999999999       0.11894329519613131     
  0.23208660000000000       0.11933741675012047     
  0.23076166000000001       0.11973102022912713     
  0.22943937000000000       0.12012405720031635     
  0.22811976000000000       0.12051648861604429     
  0.22680283000000001       0.12090827479898716     
  0.22548858999999999       0.12129936212576134     
  0.22417706000000001       0.12168971297853379     
  0.22286826000000001       0.12207926908228629     
  0.22156218999999999       0.12246798828562985     
  0.22025887000000000       0.12285583105150992     
  0.21895830999999999       0.12324274059245685     
  0.21766052000000000       0.12362866949672904     
  0.21636553000000000       0.12401357288827769     
  0.21507333000000001       0.12439739891683231     
  0.21378394000000001       0.12478009486258404     
  0.21249736999999999       0.12516161079343144     
  0.21121365000000000       0.12554188926339188     
  0.20993276999999999       0.12592089595729061     
  0.20865475999999999       0.12629856216003371     
  0.20737961999999999       0.12667483887232858     
  0.20610737000000001       0.12704966956435748     
  0.20483803000000000       0.12742299706869015     
  0.20357159000000000       0.12779477399732636     
  0.20230808000000000       0.12816493847512822     
  0.20104751000000001       0.12853344493896546     
  0.19978989000000000       0.12890021721189218     
  0.19853523000000001       0.12926521850452447     
  0.19728355000000000       0.12962837793442544     
  0.19603485000000001       0.12998965097228499     
  0.19478915999999999       0.13034895203522581     
  0.19354647000000000       0.13070624886950177     
  0.19230680999999999       0.13106146468719354     
  0.19107019000000000       0.13141453907161449     
  0.18983662000000001       0.13176542101375516     
  0.18860610999999999       0.13211403891520629     
  0.18737867000000000       0.13246033059126971     
  0.18615432000000001       0.13280423979972494     
  0.18493306000000001       0.13314570667447539     
  0.18371492000000000       0.13348465035914064     
  0.18249989999999999       0.13382100984947271     
  0.18128801000000000       0.13415474010216169     
  0.18007925999999999       0.13448575551377026     
  0.17887367000000001       0.13481399647834008     
  0.17767126000000000       0.13513938286521079     
  0.17647202000000001       0.13546187433007653     
  0.17527598000000000       0.13578138623088978     
  0.17408314000000000       0.13609784370937261     
  0.17289351999999999       0.13641119453257339     
  0.17170711999999999       0.13672136278448591     
  0.17052397000000000       0.13702828183176347     
  0.16934407000000001       0.13733187475563219     
  0.16816743000000001       0.13763207073266540     
  0.16699406999999999       0.13792880509533889     
  0.16582399000000000       0.13822200943048751     
  0.16465721000000000       0.13851159814320332     
  0.16349374000000000       0.13879750854392559     
  0.16233359999999999       0.13907967418862935     
  0.16117677999999999       0.13935800810588017     
  0.16002331000000000       0.13963244968605959     
  0.15887319999999999       0.13990290452735415     
  0.15772644999999999       0.14016933104950341     
  0.15658308000000001       0.14043162076147356     
  0.15544310000000000       0.14068972804767813     
  0.15430652000000000       0.14094355690882748     
  0.15317335000000001       0.14119304097250335     
  0.15204360000000000       0.14143811350402904     
  0.15091729000000001       0.14167867430312348     
  0.14979442000000001       0.14191466910461728     
  0.14867501999999999       0.14214600402170699     
  0.14755906999999999       0.14237261026534118     
  0.14644661000000000       0.14259442034012521     
  0.14533763999999999       0.14281133873718385     
  0.14423216000000000       0.14302329957232623     
  0.14313020000000001       0.14323022777948746     
  0.14203176000000001       0.14343202699751056     
  0.14093685000000000       0.14362864764222960     
  0.13984548999999999       0.14381998706475693     
  0.13875767999999999       0.14400596817385494     
  0.13767343000000001       0.14418653078336136     
  0.13659277000000000       0.14436157903390243     
  0.13551568999999999       0.14453103805226303     
  0.13444220000000001       0.14469482719275004     
  0.13337233000000001       0.14485287039637962     
  0.13230607000000000       0.14500509222906638     
  0.13124343999999999       0.14515140916475291     
  0.13018445000000001       0.14529174029442007     
  0.12912910999999999       0.14542601466255933     
  0.12807743999999999       0.14555413883603396     
  0.12702943000000000       0.14567604676356871     
  0.12598509999999999       0.14579165497167490     
  0.12494447000000000       0.14590087018756395     
  0.12390753000000000       0.14600364619261336     
  0.12287431000000000       0.14609986756144724     
  0.12184481000000000       0.14618948587421179     
  0.12081904000000000       0.14627240050319187     
  0.11979702000000000       0.14634853887248894     
  0.11877873999999999       0.14641783485716339     
  0.11776423000000000       0.14648020418593752     
  0.11675350000000000       0.14653555705759069     
  0.11574653999999999       0.14658382764264377     
  0.11474338000000001       0.14662493266049020     
  0.11374402000000000       0.14665880482352031     
  0.11274847000000000       0.14668535521427217     
  0.11175673999999999       0.14670451523528333     
  0.11076885000000000       0.14671620505402105     
  0.10978480000000000       0.14672035849263868     
  0.10880459000000001       0.14671688952535811     
  0.10782825000000000       0.14670572811901472     
  0.10685578000000000       0.14668679918386909     
  0.10588719000000001       0.14666002658887606     
  0.10492248999999999       0.14662533470775849     
  0.10396169000000000       0.14658266844706822     
  0.10300479999999999       0.14653193327466876     
  0.10205183000000000       0.14647306524864065     
  0.10110278000000000       0.14640600195080078     
  0.10015767000000000       0.14633066965398994     
   9.9216509999999994E-002  0.14624699636045080     
   9.8279300000000000E-002  0.14615490145763779     
   9.7346059999999998E-002  0.14605434356540742     
   9.6416790000000002E-002  0.14594523342080362     
   9.5491500000000007E-002  0.14582750180372597     
   9.4570210000000002E-002  0.14570110997196092     
   9.3652920000000001E-002  0.14556596091375540     
   9.2739639999999998E-002  0.14542200799548394     
   9.1830369999999995E-002  0.14526919560153131     
   9.0925140000000002E-002  0.14510743871503298     
   9.0023950000000005E-002  0.14493670376436324     
   8.9126800000000006E-002  0.14475689784740947     
   8.8233699999999998E-002  0.14456799902703008     
   8.7344669999999999E-002  0.14436991682838179     
   8.6459709999999995E-002  0.14416261135586780     
   8.5578840000000003E-002  0.14394602462549491     
   8.4702050000000001E-002  0.14372009825399232     
   8.3829360000000006E-002  0.14348477659614117     
   8.2960779999999998E-002  0.14324002481343290     
   8.2096320000000000E-002  0.14298576937989449     
   8.1235979999999999E-002  0.14272196703716453     
   8.0379770000000003E-002  0.14244858667497279     
   7.9527710000000001E-002  0.14216555990292562     
   7.8679789999999999E-002  0.14187284599645611     
   7.7836039999999995E-002  0.14157040093690312     
   7.6996449999999994E-002  0.14125818658927172     
   7.6161030000000005E-002  0.14093616898923406     
   7.5329800000000002E-002  0.14060428765684335     
   7.4502760000000001E-002  0.14026252025121599     
   7.3679919999999996E-002  0.13991082776371216     
   7.2861280000000000E-002  0.13954918067872041     
   7.2046869999999999E-002  0.13917752785204626     
   7.1236670000000002E-002  0.13879585850040219     
   7.0430709999999994E-002  0.13840412527300772     
   6.9628990000000002E-002  0.13800231549108610     
   6.8831509999999999E-002  0.13759038789469319     
   6.8038290000000001E-002  0.13716833870324299     
   6.7249329999999996E-002  0.13673612038669514     
   6.6464650000000000E-002  0.13629373351466689     
   6.5684240000000005E-002  0.13584116102701990     
   6.4908120000000000E-002  0.13537836760545804     
   6.4136299999999993E-002  0.13490534697088855     
   6.3368770000000005E-002  0.13442209736440405     
   6.2605560000000005E-002  0.13392859415822381     
   6.1846659999999998E-002  0.13342483960400037     
   6.1092090000000002E-002  0.13291083003765897     
   6.0341840000000001E-002  0.13238654143385037     
   5.9595940000000000E-002  0.13185199943180589     
   5.8854389999999999E-002  0.13130718909974604     
   5.8117179999999997E-002  0.13075211250018129     
   5.7384339999999999E-002  0.13018679333705757     
   5.6655869999999997E-002  0.12961122348057311     
   5.5931780000000000E-002  0.12902542223431285     
   5.5212060000000000E-002  0.12842939046898935     
   5.4496740000000002E-002  0.12782315344286888     
   5.3785810000000003E-002  0.12720672691336840     
   5.3079290000000001E-002  0.12658013636906770     
   5.2377180000000002E-002  0.12594340836338080     
   5.1679480000000000E-002  0.12529655169026796     
   5.0986209999999997E-002  0.12463961062313425     
   5.0297370000000001E-002  0.12397261959368905     
   4.9612969999999999E-002  0.12329560234643594     
   4.8933020000000001E-002  0.12260860573220356     
   4.8257519999999998E-002  0.12191167242428808     
   4.7586469999999999E-002  0.12120482755181258     
   4.6919889999999999E-002  0.12048812413865803     
   4.6257790000000000E-002  0.11976163134520079     
   4.5600160000000001E-002  0.11902538548697153     
   4.4947010000000003E-002  0.11827943126799619     
   4.4298360000000002E-002  0.11752384526956354     
   4.3654209999999999E-002  0.11675869096062061     
   4.3014549999999999E-002  0.11598401564163091     
   4.2379409999999999E-002  0.11519989484209914     
   4.1748790000000001E-002  0.11440641144207844     
   4.1122690000000003E-002  0.11360363112944381     
   4.0501110000000000E-002  0.11279161242586504     
   3.9884080000000002E-002  0.11197047641188455     
   3.9271580000000000E-002  0.11114027902889478     
   3.8663629999999997E-002  0.11030110875321958     
   3.8060230000000000E-002  0.10945305764702537     
   3.7461399999999999E-002  0.10859625227149933     
   3.6867120000000003E-002  0.10773073006124516     
   3.6277419999999998E-002  0.10685664570990105     
   3.5692300000000003E-002  0.10597409539323387     
   3.5111759999999999E-002  0.10508316840350143     
   3.4535799999999998E-002  0.10418397717120569     
   3.3964439999999999E-002  0.10327666146242012     
   3.3397679999999999E-002  0.10236132141852387     
   3.2835530000000002E-002  0.10143809294857759     
   3.2277979999999998E-002  0.10050709057218160     
   3.1725059999999999E-002   9.9568463192527462E-002
   3.1176750000000000E-002   9.8622319575237358E-002
   3.0633069999999998E-002   9.7668813852022016E-002
   3.0094019999999999E-002   9.6708077937404879E-002
   2.9559620000000002E-002   9.5740295026704642E-002
   2.9029849999999999E-002   9.4765556801270578E-002
   2.8504729999999999E-002   9.3784054189316263E-002
   2.7984269999999999E-002   9.2795938780916049E-002
   2.7468460000000000E-002   9.1801356701893488E-002
   2.6957320000000000E-002   9.0800502090465945E-002
   2.6450850000000001E-002   8.9793523655519791E-002
   2.5949050000000001E-002   8.8780593579367531E-002
   2.5451930000000001E-002   8.7761893460888127E-002
   2.4959490000000001E-002   8.6737603208920377E-002
   2.4471739999999999E-002   8.5707902675027398E-002
   2.3988690000000000E-002   8.4672996235906919E-002
   2.3510329999999999E-002   8.3633048898766410E-002
   2.3036669999999999E-002   8.2588272585963879E-002
   2.2567730000000001E-002   8.1538891239917449E-002
   2.2103490000000000E-002   8.0485063477307731E-002
   2.1643969999999998E-002   7.9427031322103991E-002
   2.1189179999999998E-002   7.8365004149346482E-002
   2.0739110000000002E-002   7.7299178867603888E-002
   2.0293760000000001E-002   7.6229763622017360E-002
   1.9853160000000002E-002   7.5157037184701514E-002
   1.9417290000000000E-002   7.4081168447187207E-002
   1.8986159999999998E-002   7.3002416380812146E-002
   1.8559790000000000E-002   7.1921034320368407E-002
   1.8138160000000000E-002   7.0837210746321183E-002
   1.7721290000000001E-002   6.9751236928909846E-002
   1.7309180000000000E-002   6.8663338393054885E-002
   1.6901830000000000E-002   6.7573754041641551E-002
   1.6499260000000002E-002   6.6482768487119467E-002
   1.6101450000000000E-002   6.5390606015975808E-002
   1.5708420000000001E-002   6.4297548921651140E-002
   1.5320169999999999E-002   6.3203850925978147E-002
   1.4936700000000001E-002   6.2109778962562812E-002
   1.4558020000000000E-002   6.1015615658339482E-002
   1.4184130000000000E-002   5.9921625046388260E-002
   1.3815040000000001E-002   5.8828097294982035E-002
   1.3450739999999999E-002   5.7735300010102075E-002
   1.3091250000000000E-002   5.6643533479904133E-002
   1.2736559999999999E-002   5.5553061449126334E-002
   1.2386690000000001E-002   5.4464221821819495E-002
   1.2041619999999999E-002   5.3377249828278572E-002
   1.1701369999999999E-002   5.2292469909910336E-002
   1.1365940000000000E-002   5.1210191405514638E-002
   1.1035329999999999E-002   5.0130696195297524E-002
   1.0709550000000000E-002   4.9054314058914653E-002
   1.0388590000000000E-002   4.7981316778913201E-002
   1.0072470000000000E-002   4.6912055250048025E-002
   9.7611899999999995E-003   4.5846832162010465E-002
   9.4547399999999997E-003   4.4785925789762218E-002
   9.1531400000000006E-003   4.3729715501599514E-002
   8.8563700000000006E-003   4.2678446626373948E-002
   8.5644599999999994E-003   4.1632500285310632E-002
   8.2774000000000007E-003   4.0592192285426099E-002
   7.9951899999999992E-003   3.9557806579683691E-002
   7.7178300000000002E-003   3.8529688405877408E-002
   7.4453399999999999E-003   3.7508200488340623E-002
   7.1777000000000004E-003   3.6493604758663055E-002
   6.9149299999999997E-003   3.5486286637421566E-002
   6.6570300000000004E-003   3.4486556265211972E-002
   6.4039900000000000E-003   3.3494725117425669E-002
   6.1558300000000002E-003   3.2511151918417157E-002
   5.9125400000000000E-003   3.1536148607427324E-002
   5.6741300000000003E-003   3.0570055507746004E-002
   5.4405900000000004E-003   2.9613173500809668E-002
   5.2119400000000000E-003   2.8665882342999001E-002
   4.9881700000000001E-003   2.7728471509180248E-002
   4.7692899999999998E-003   2.6801299489084572E-002
   4.5552900000000000E-003   2.5884632689389814E-002
   4.3461799999999998E-003   2.4978846715774657E-002
   4.1419700000000000E-003   2.4084265775545208E-002
   3.9426499999999998E-003   2.3201179967572753E-002
   3.7482200000000000E-003   2.2329907296922656E-002
   3.5587000000000001E-003   2.1470795542841557E-002
   3.3740699999999998E-003   2.0624113726944754E-002
   3.1943399999999999E-003   1.9790170985314746E-002
   3.0195199999999999E-003   1.8969302577565728E-002
   2.8495999999999999E-003   1.8161755510136587E-002
   2.6845900000000002E-003   1.7367865051415032E-002
   2.5244899999999999E-003   1.6587908874627952E-002
   2.3693000000000000E-003   1.5822148206848491E-002
   2.2190199999999999E-003   1.5070847242681713E-002
   2.0736499999999998E-003   1.4334282518057562E-002
   1.9331999999999999E-003   1.3612714499564317E-002
   1.7976600000000000E-003   1.2906360101958720E-002
   1.6670400000000001E-003   1.2215490870686751E-002
   1.5413300000000000E-003   1.1540283122576635E-002
   1.4205500000000000E-003   1.0881008235688799E-002
   1.3046900000000001E-003   1.0237838157590122E-002
   1.1937499999999999E-003   9.6109533456965584E-003
   1.0877300000000001E-003   9.0005193277552832E-003
   9.8664000000000000E-004   8.4067071781046381E-003
   8.9046999999999998E-004   7.8296364262162386E-003
   7.9922000000000001E-004   7.2694193647847632E-003
   7.1290999999999998E-004   6.7261896113383641E-003
   6.3152000000000000E-004   6.1999719459813092E-003
   5.5506000000000002E-004   5.6908396435786960E-003
   4.8352999999999997E-004   5.1987963865713369E-003
   4.1692999999999998E-004   4.7238446347970722E-003
   3.5525999999999998E-004   4.2659120683277152E-003
   2.9852999999999998E-004   3.8249462940199786E-003
   2.4672000000000002E-004   3.4007635216327589E-003
   1.9985000000000001E-004   2.9932152163323305E-003
   1.5791000000000001E-004   2.6020485169260268E-003
   1.2090000000000000E-004   2.2269514281832337E-003
   8.8819999999999993E-005   1.8675206762469485E-003
   6.1680000000000006E-005   1.5232873372897989E-003
   3.9480000000000001E-005   1.1936382718289746E-003
   2.2209999999999999E-005   8.7776001301376856E-004
   9.8700000000000004E-006   5.7462282072886486E-004
   2.4700000000000001E-006   2.8281760953911632E-004
   0.0000000000000000        0.0000000000000000     
