1	0
0.99999753	0.00000035
0.99999013	0.0000014
0.99997779	0.00000314
0.99996052	0.00000559
0.99993832	0.00000873
0.99991118	0.00001257
0.9998791	0.00001711
0.99984209	0.00002235
0.99980015	0.00002829
0.99975328	0.00003492
0.99970147	0.00004225
0.99964474	0.00005028
0.99958307	0.00005901
0.99951647	0.00006843
0.99944494	0.00007855
0.99936848	0.00008937
0.99928709	0.00010088
0.99920078	0.00011309
0.99910953	0.00012599
0.99901336	0.00013959
0.99891227	0.00015389
0.99880625	0.00016888
0.99869531	0.00018456
0.99857945	0.00020093
0.99845867	0.000218
0.99833296	0.00023576
0.99820234	0.00025421
0.9980668	0.00027336
0.99792635	0.00029319
0.99778098	0.00031372
0.9976307	0.00033493
0.99747551	0.00035684
0.99731541	0.00037943
0.9971504	0.00040271
0.99698048	0.00042668
0.99680566	0.00045134
0.99662593	0.00047668
0.9964413	0.00050271
0.99625178	0.00052942
0.99605735	0.00055681
0.99585803	0.00058489
0.99565382	0.00061365
0.99544471	0.0006431
0.99523071	0.00067322
0.99501183	0.00070402
0.99478806	0.0007355
0.99455941	0.00076766
0.99432587	0.0008005
0.99408746	0.00083401
0.99384417	0.0008682
0.99359601	0.00090307
0.99334297	0.0009386
0.99308507	0.00097481
0.9928223	0.00101169
0.99255466	0.00104925
0.99228217	0.00108747
0.99200481	0.00112636
0.9917226	0.00116591
0.99143554	0.00120614
0.99114363	0.00124702
0.99084686	0.00128858
0.99054526	0.00133079
0.99023881	0.00137367
0.98992753	0.00141721
0.98961141	0.0014614
0.98929045	0.00150626
0.98896467	0.00155177
0.98863406	0.00159794
0.98829863	0.00164476
0.98795838	0.00169224
0.98761331	0.00174037
0.98726344	0.00178915
0.98690875	0.00183857
0.98654926	0.00188865
0.98618496	0.00193937
0.98581587	0.00199074
0.98544198	0.00204275
0.9850633	0.00209541
0.98467983	0.0021487
0.98429158	0.00220264
0.98389855	0.00225721
0.98350074	0.00231242
0.98309817	0.00236826
0.98269082	0.00242474
0.98227871	0.00248185
0.98186184	0.0025396
0.98144021	0.00259797
0.98101384	0.00265697
0.98058271	0.00271659
0.98014684	0.00277684
0.97970624	0.00283771
0.97926089	0.0028992
0.97881082	0.00296132
0.97835603	0.00302405
0.97789651	0.00308739
0.97743227	0.00315135
0.97696333	0.00321593
0.97648967	0.00328111
0.97601131	0.00334691
0.97552826	0.00341331
0.97504051	0.00348032
0.97454807	0.00354794
0.97405095	0.00361615
0.97354915	0.00368497
0.97304268	0.00375438
0.97253154	0.0038244
0.97201573	0.003895
0.97149527	0.00396621
0.97097015	0.004038
0.97044038	0.00411038
0.96990598	0.00418335
0.96936693	0.00425691
0.96882325	0.00433105
0.96827494	0.00440577
0.96772202	0.00448108
0.96716447	0.00455696
0.96660232	0.00463342
0.96603556	0.00471045
0.9654642	0.00478805
0.96488824	0.00486623
0.9643077	0.00494497
0.96372258	0.00502428
0.96313288	0.00510416
0.9625386	0.0051846
0.96193977	0.00526559
0.96133637	0.00534715
0.96072842	0.00542926
0.96011592	0.00551193
0.95949889	0.00559515
0.95887731	0.00567891
0.95825121	0.00576323
0.95762059	0.00584809
0.95698545	0.0059335
0.95634579	0.00601945
0.95570164	0.00610593
0.95505299	0.00619296
0.95439984	0.00628052
0.95374221	0.00636861
0.95308011	0.00645723
0.95241353	0.00654638
0.95174248	0.00663606
0.95106698	0.00672626
0.95038703	0.00681698
0.94970263	0.00690823
0.94901379	0.00699999
0.94832052	0.00709226
0.94762282	0.00718505
0.94692071	0.00727835
0.94621419	0.00737216
0.94550326	0.00746647
0.94478794	0.00756129
0.94406822	0.00765661
0.94334413	0.00775243
0.94261566	0.00784874
0.94188282	0.00794555
0.94114561	0.00804285
0.94040406	0.00814064
0.93965816	0.00823892
0.93890791	0.00833768
0.93815334	0.00843693
0.93739444	0.00853666
0.93663123	0.00863686
0.9358637	0.00873754
0.93509188	0.00883869
0.93431576	0.00894032
0.93353535	0.00904241
0.93275067	0.00914497
0.93196171	0.00924799
0.93116849	0.00935147
0.93037101	0.00945542
0.92956929	0.00955981
0.92876333	0.00966467
0.92795313	0.00976997
0.92713872	0.00987572
0.92632008	0.00998192
0.92549724	0.01008856
0.9246702	0.01019565
0.92383897	0.01030317
0.92300355	0.01041113
0.92216396	0.01051952
0.92132021	0.01062835
0.92047229	0.0107376
0.91962023	0.01084728
0.91876402	0.01095739
0.91790368	0.01106791
0.91703922	0.01117886
0.91617064	0.01129022
0.91529795	0.01140199
0.91442116	0.01151418
0.91354029	0.01162677
0.91265533	0.01173977
0.9117663	0.01185318
0.9108732	0.01196699
0.90997605	0.01208119
0.90907486	0.01219579
0.90816963	0.01231078
0.90726036	0.01242617
0.90634708	0.01254194
0.90542979	0.0126581
0.9045085	0.01277464
0.90358321	0.01289156
0.90265394	0.01300886
0.9017207	0.01312654
0.90078349	0.01324458
0.89984233	0.013363
0.89889722	0.01348179
0.89794817	0.01360094
0.8969952	0.01372045
0.89603831	0.01384032
0.89507751	0.01396055
0.89411281	0.01408113
0.89314422	0.01420206
0.89217175	0.01432335
0.89119541	0.01444498
0.8902152	0.01456695
0.88923115	0.01468926
0.88824326	0.01481192
0.88725153	0.01493491
0.88625598	0.01505823
0.88525662	0.01518188
0.88425346	0.01530586
0.8832465	0.01543016
0.88223577	0.01555479
0.88122126	0.01567974
0.88020298	0.015805
0.87918096	0.01593058
0.87815519	0.01605647
0.87712569	0.01618267
0.87609247	0.01630918
0.87505553	0.01643599
0.8740149	0.0165631
0.87297057	0.01669051
0.87192256	0.01681821
0.87087089	0.01694621
0.86981555	0.01707449
0.86875656	0.01720307
0.86769393	0.01733193
0.86662767	0.01746107
0.8655578	0.01759049
0.86448431	0.01772019
0.86340723	0.01785016
0.86232657	0.01798041
0.86124232	0.01811092
0.86015451	0.0182417
0.85906315	0.01837274
0.85796824	0.01850404
0.8568698	0.0186356
0.85576784	0.01876741
0.85466236	0.01889948
0.85355339	0.01903179
0.85244093	0.01916436
0.85132498	0.01929716
0.85020558	0.01943021
0.84908271	0.0195635
0.8479564	0.01969702
0.84682665	0.01983078
0.84569348	0.01996476
0.8445569	0.02009898
0.84341692	0.02023341
0.84227355	0.02036807
0.8411268	0.02050295
0.83997669	0.02063805
0.83882322	0.02077336
0.8376664	0.02090888
0.83650626	0.02104461
0.83534279	0.02118055
0.83417601	0.02131668
0.83300593	0.02145302
0.83183257	0.02158956
0.83065593	0.02172629
0.82947603	0.02186321
0.82829288	0.02200032
0.82710648	0.02213762
0.82591686	0.0222751
0.82472402	0.02241276
0.82352798	0.0225506
0.82232874	0.02268861
0.82112633	0.0228268
0.81992074	0.02296516
0.81871199	0.02310368
0.8175001	0.02324237
0.81628508	0.02338121
0.81506694	0.02352022
0.81384568	0.02365938
0.81262133	0.0237987
0.81139389	0.02393816
0.81016338	0.02407778
0.80892981	0.02421753
0.80769319	0.02435743
0.80645353	0.02449747
0.80521084	0.02463764
0.80396515	0.02477795
0.80271645	0.02491839
0.80146477	0.02505895
0.80021011	0.02519964
0.79895249	0.02534045
0.79769192	0.02548138
0.79642841	0.02562243
0.79516197	0.02576359
0.79389263	0.02590486
0.79262038	0.02604624
0.79134524	0.02618772
0.79006723	0.02632931
0.78878635	0.026471
0.78750263	0.02661278
0.78621606	0.02675466
0.78492667	0.02689662
0.78363447	0.02703868
0.78233948	0.02718082
0.78104169	0.02732304
0.77974113	0.02746534
0.77843781	0.02760772
0.77713174	0.02775017
0.77582294	0.0278927
0.77451141	0.02803529
0.77319717	0.02817794
0.77188024	0.02832066
0.77056063	0.02846344
0.76923834	0.02860628
0.7679134	0.02874916
0.76658581	0.0288921
0.76525559	0.02903509
0.76392276	0.02917812
0.76258731	0.0293212
0.76124928	0.02946431
0.75990867	0.02960746
0.7585655	0.02975064
0.75721977	0.02989386
0.7558715	0.0300371
0.75452071	0.03018037
0.7531674	0.03032365
0.7518116	0.03046696
0.75045331	0.03061028
0.74909255	0.03075362
0.74772933	0.03089697
0.74636367	0.03104032
0.74499558	0.03118368
0.74362506	0.03132704
0.74225215	0.0314704
0.74087684	0.03161375
0.73949915	0.03175709
0.7381191	0.03190043
0.7367367	0.03204375
0.73535197	0.03218706
0.73396491	0.03233034
0.73257554	0.03247361
0.73118388	0.03261684
0.72978993	0.03276006
0.72839372	0.03290323
0.72699525	0.03304638
0.72559454	0.03318949
0.72419161	0.03333255
0.72278646	0.03347558
0.72137912	0.03361856
0.71996958	0.03376149
0.71855788	0.03390436
0.71714402	0.03404718
0.71572802	0.03418995
0.71430989	0.03433265
0.71288965	0.03447529
0.7114673	0.03461786
0.71004286	0.03476036
0.70861636	0.03490278
0.70718779	0.03504513
0.70575718	0.0351874
0.70432454	0.03532959
0.70288988	0.0354717
0.70145322	0.03561371
0.70001457	0.03575563
0.69857395	0.03589746
0.69713136	0.03603919
0.69568683	0.03618082
0.69424037	0.03632234
0.692792	0.03646376
0.69134172	0.03660507
0.68988955	0.03674626
0.68843551	0.03688734
0.6869796	0.03702829
0.68552186	0.03716913
0.68406228	0.03730984
0.68260088	0.03745042
0.68113768	0.03759086
0.6796727	0.03773118
0.67820594	0.03787135
0.67673742	0.03801138
0.67526716	0.03815127
0.67379517	0.03829101
0.67232146	0.0384306
0.67084605	0.03857004
0.66936896	0.03870931
0.66789019	0.03884843
0.66640977	0.03898738
0.66492771	0.03912617
0.66344401	0.03926478
0.66195871	0.03940323
0.6604718	0.03954149
0.65898332	0.03967958
0.65749326	0.03981748
0.65600165	0.0399552
0.6545085	0.04009273
0.65301382	0.04023006
0.65151763	0.0403672
0.65001995	0.04050414
0.64852079	0.04064088
0.64702016	0.04077741
0.64551808	0.04091373
0.64401457	0.04104984
0.64250963	0.04118573
0.64100329	0.04132141
0.63949555	0.04145686
0.63798644	0.04159209
0.63647597	0.04172709
0.63496415	0.04186186
0.63345099	0.04199639
0.63193652	0.04213068
0.63042075	0.04226473
0.62890369	0.04239854
0.62738536	0.0425321
0.62586577	0.0426654
0.62434494	0.04279845
0.62282289	0.04293125
0.62129962	0.04306377
0.61977515	0.04319604
0.6182495	0.04332803
0.61672268	0.04345976
0.61519471	0.04359121
0.61366561	0.04372237
0.61213538	0.04385326
0.61060405	0.04398386
0.60907162	0.04411417
0.60753812	0.04424419
0.60600355	0.04437392
0.60446795	0.04450334
0.6029313	0.04463246
0.60139365	0.04476128
0.59985499	0.04488978
0.59831535	0.04501798
0.59677473	0.04514585
0.59523317	0.04527341
0.59369066	0.04540065
0.59214722	0.04552755
0.59060288	0.04565413
0.58905765	0.04578037
0.58751153	0.04590628
0.58596455	0.04603184
0.58441672	0.04615706
0.58286806	0.04628194
0.58131858	0.04640646
0.5797683	0.04653063
0.57821723	0.04665444
0.57666539	0.04677789
0.57511279	0.04690097
0.57355946	0.04702369
0.57200539	0.04714603
0.57045062	0.047268
0.56889515	0.04738958
0.56733899	0.04751079
0.56578218	0.04763161
0.56422472	0.04775204
0.56266662	0.04787208
0.5611079	0.04799172
0.55954858	0.04811096
0.55798867	0.04822979
0.55642819	0.04834822
0.55486716	0.04846624
0.55330558	0.04858384
0.55174347	0.04870103
0.55018086	0.04881779
0.54861775	0.04893413
0.54705416	0.04905004
0.5454901	0.04916552
0.5439256	0.04928056
0.54236066	0.04939516
0.54079531	0.04950932
0.53922955	0.04962304
0.5376634	0.0497363
0.53609689	0.04984911
0.53453001	0.04996146
0.5329628	0.05007335
0.53139526	0.05018478
0.52982741	0.05029574
0.52825927	0.05040623
0.52669084	0.05051624
0.52512216	0.05062577
0.52355323	0.05073482
0.52198406	0.05084339
0.52041468	0.05095146
0.51884509	0.05105905
0.51727532	0.05116613
0.51570538	0.05127272
0.51413528	0.0513788
0.51256505	0.05148437
0.51099469	0.05158943
0.50942422	0.05169398
0.50785366	0.05179801
0.50628302	0.05190152
0.50471232	0.0520045
0.50314157	0.05210695
0.50157079	0.05220887
0.5	0.05231025
0.49842921	0.0524111
0.49685843	0.05251139
0.49528768	0.05261115
0.49371698	0.05271035
0.49214634	0.052809
0.49057578	0.05290709
0.48900531	0.05300461
0.48743495	0.05310158
0.48586472	0.05319797
0.48429462	0.05329379
0.48272468	0.05338904
0.48115491	0.0534837
0.47958532	0.05357779
0.47801594	0.05367128
0.47644677	0.05376419
0.47487784	0.0538565
0.47330916	0.05394822
0.47174073	0.05403933
0.47017259	0.05412984
0.46860474	0.05421975
0.4670372	0.05430904
0.46546999	0.05439771
0.46390311	0.05448577
0.4623366	0.0545732
0.46077045	0.05466001
0.45920469	0.05474619
0.45763934	0.05483174
0.4560744	0.05491665
0.4545099	0.05500092
0.45294584	0.05508455
0.45138225	0.05516753
0.44981914	0.05524986
0.44825653	0.05533154
0.44669442	0.05541256
0.44513284	0.05549292
0.44357181	0.05557261
0.44201133	0.05565164
0.44045142	0.05572999
0.4388921	0.05580767
0.43733338	0.05588468
0.43577528	0.055961
0.43421782	0.05603664
0.43266101	0.05611158
0.43110485	0.05618584
0.42954938	0.0562594
0.42799461	0.05633227
0.42644054	0.05640443
0.42488721	0.05647588
0.42333461	0.05654663
0.42178277	0.05661666
0.4202317	0.05668598
0.41868142	0.05675458
0.41713194	0.05682246
0.41558328	0.05688961
0.41403545	0.05695604
0.41248847	0.05702173
0.41094235	0.05708669
0.40939712	0.05715091
0.40785278	0.05721438
0.40630934	0.05727711
0.40476683	0.0573391
0.40322527	0.05740033
0.40168465	0.0574608
0.40014501	0.05752052
0.39860635	0.05757948
0.3970687	0.05763767
0.39553205	0.05769509
0.39399645	0.05775175
0.39246188	0.05780763
0.39092838	0.05786273
0.38939595	0.05791705
0.38786462	0.05797059
0.38633439	0.05802334
0.38480529	0.0580753
0.38327732	0.05812647
0.3817505	0.05817685
0.38022485	0.05822642
0.37870038	0.0582752
0.37717711	0.05832316
0.37565506	0.05837033
0.37413423	0.05841668
0.37261464	0.05846221
0.37109631	0.05850693
0.36957925	0.05855083
0.36806348	0.05859391
0.36654901	0.05863616
0.36503585	0.05867758
0.36352403	0.05871817
0.36201356	0.05875793
0.36050445	0.05879685
0.35899671	0.05883493
0.35749037	0.05887217
0.35598543	0.05890856
0.35448192	0.0589441
0.35297984	0.05897879
0.35147921	0.05901263
0.34998005	0.05904562
0.34848237	0.05907774
0.34698618	0.059109
0.3454915	0.0591394
0.34399835	0.05916893
0.34250674	0.05919759
0.34101668	0.05922537
0.3395282	0.05925229
0.33804129	0.05927832
0.33655599	0.05930348
0.33507229	0.05932775
0.33359023	0.05935114
0.33210981	0.05937364
0.33063104	0.05939525
0.32915395	0.05941596
0.32767854	0.05943578
0.32620483	0.05945471
0.32473284	0.05947273
0.32326258	0.05948986
0.32179406	0.05950607
0.3203273	0.05952139
0.31886232	0.05953579
0.31739912	0.05954928
0.31593772	0.05956186
0.31447814	0.05957352
0.3130204	0.05958426
0.31156449	0.05959408
0.31011045	0.05960298
0.30865828	0.05961096
0.307208	0.05961801
0.30575963	0.05962413
0.30431317	0.05962932
0.30286864	0.05963358
0.30142605	0.0596369
0.29998543	0.05963929
0.29854678	0.05964073
0.29711012	0.05964124
0.29567546	0.0596408
0.29424282	0.05963942
0.29281221	0.05963709
0.29138364	0.05963382
0.28995714	0.05962959
0.2885327	0.05962441
0.28711035	0.05961828
0.28569011	0.05961119
0.28427198	0.05960315
0.28285598	0.05959415
0.28144212	0.05958418
0.28003042	0.05957326
0.27862088	0.05956137
0.27721354	0.05954851
0.27580839	0.05953469
0.27440546	0.0595199
0.27300475	0.05950414
0.27160628	0.05948741
0.27021007	0.0594697
0.26881612	0.05945103
0.26742446	0.05943137
0.26603509	0.05941074
0.26464803	0.05938913
0.2632633	0.05936654
0.2618809	0.05934297
0.26050085	0.05931842
0.25912316	0.05929288
0.25774785	0.05926636
0.25637494	0.05923885
0.25500442	0.05921036
0.25363633	0.05918088
0.25227067	0.05915041
0.25090745	0.05911895
0.24954669	0.05908649
0.2481884	0.05905305
0.2468326	0.05901861
0.24547929	0.05898318
0.2441285	0.05894675
0.24278023	0.05890933
0.2414345	0.05887091
0.24009133	0.05883149
0.23875072	0.05879107
0.23741269	0.05874966
0.23607724	0.05870724
0.23474441	0.05866383
0.23341419	0.05861941
0.2320866	0.05857399
0.23076166	0.05852757
0.22943937	0.05848014
0.22811976	0.05843171
0.22680283	0.05838228
0.22548859	0.05833184
0.22417706	0.0582804
0.22286826	0.05822795
0.22156219	0.05817449
0.22025887	0.05812003
0.21895831	0.05806456
0.21766052	0.05800808
0.21636553	0.0579506
0.21507333	0.05789211
0.21378394	0.05783261
0.21249737	0.0577721
0.21121365	0.05771058
0.20993277	0.05764806
0.20865476	0.05758453
0.20737962	0.05751999
0.20610737	0.05745444
0.20483803	0.05738788
0.20357159	0.05732031
0.20230808	0.05725173
0.20104751	0.05718215
0.19978989	0.05711155
0.19853523	0.05703995
0.19728355	0.05696734
0.19603485	0.05689373
0.19478916	0.0568191
0.19354647	0.05674347
0.19230681	0.05666683
0.19107019	0.05658918
0.18983662	0.05651053
0.18860611	0.05643087
0.18737867	0.0563502
0.18615432	0.05626853
0.18493306	0.05618586
0.18371492	0.05610218
0.1824999	0.05601749
0.18128801	0.05593181
0.18007926	0.05584512
0.17887367	0.05575743
0.17767126	0.05566873
0.17647202	0.05557904
0.17527598	0.05548835
0.17408314	0.05539665
0.17289352	0.05530396
0.17170712	0.05521027
0.17052397	0.05511559
0.16934407	0.05501991
0.16816743	0.05492323
0.16699407	0.05482556
0.16582399	0.0547269
0.16465721	0.05462724
0.16349374	0.05452659
0.1623336	0.05442496
0.16117678	0.05432233
0.16002331	0.05421872
0.1588732	0.05411411
0.15772645	0.05400853
0.15658308	0.05390195
0.1554431	0.0537944
0.15430652	0.05368586
0.15317335	0.05357634
0.1520436	0.05346585
0.15091729	0.05335437
0.14979442	0.05324192
0.14867502	0.05312849
0.14755907	0.05301408
0.14644661	0.05289871
0.14533764	0.05278236
0.14423216	0.05266504
0.1431302	0.05254676
0.14203176	0.0524275
0.14093685	0.05230729
0.13984549	0.05218611
0.13875768	0.05206396
0.13767343	0.05194086
0.13659277	0.0518168
0.13551569	0.05169178
0.1344422	0.0515658
0.13337233	0.05143887
0.13230607	0.05131099
0.13124344	0.05118216
0.13018445	0.05105238
0.12912911	0.05092166
0.12807744	0.05078999
0.12702943	0.05065738
0.1259851	0.05052383
0.12494447	0.05038933
0.12390753	0.05025391
0.12287431	0.05011754
0.12184481	0.04998025
0.12081904	0.04984202
0.11979702	0.04970286
0.11877874	0.04956278
0.11776423	0.04942178
0.1167535	0.04927985
0.11574654	0.049137
0.11474338	0.04899323
0.11374402	0.04884855
0.11274847	0.04870295
0.11175674	0.04855644
0.11076885	0.04840902
0.1097848	0.0482607
0.10880459	0.04811147
0.10782825	0.04796134
0.10685578	0.04781031
0.10588719	0.04765838
0.10492249	0.04750555
0.10396169	0.04735184
0.1030048	0.04719723
0.10205183	0.04704173
0.10110278	0.04688535
0.10015767	0.04672809
0.09921651	0.04656995
0.0982793	0.04641092
0.09734606	0.04625103
0.09641679	0.04609026
0.0954915	0.04592861
0.09457021	0.04576611
0.09365292	0.04560273
0.09273964	0.04543849
0.09183037	0.0452734
0.09092514	0.04510744
0.09002395	0.04494064
0.0891268	0.04477297
0.0882337	0.04460447
0.08734467	0.04443511
0.08645971	0.04426491
0.08557884	0.04409387
0.08470205	0.04392199
0.08382936	0.04374927
0.08296078	0.04357573
0.08209632	0.04340135
0.08123598	0.04322614
0.08037977	0.04305012
0.07952771	0.04287327
0.07867979	0.0426956
0.07783604	0.04251711
0.07699645	0.04233781
0.07616103	0.04215771
0.0753298	0.04197679
0.07450276	0.04179507
0.07367992	0.04161255
0.07286128	0.04142924
0.07204687	0.04124512
0.07123667	0.04106022
0.07043071	0.04087452
0.06962899	0.04068804
0.06883151	0.04050077
0.06803829	0.04031273
0.06724933	0.0401239
0.06646465	0.0399343
0.06568424	0.03974394
0.06490812	0.0395528
0.0641363	0.03936089
0.06336877	0.03916823
0.06260556	0.0389748
0.06184666	0.03878062
0.06109209	0.03858569
0.06034184	0.03839
0.05959594	0.03819357
0.05885439	0.03799639
0.05811718	0.03779847
0.05738434	0.03759982
0.05665587	0.03740043
0.05593178	0.03720031
0.05521206	0.03699946
0.05449674	0.03679788
0.05378581	0.03659558
0.05307929	0.03639256
0.05237718	0.03618883
0.05167948	0.03598438
0.05098621	0.03577922
0.05029737	0.03557336
0.04961297	0.03536679
0.04893302	0.03515952
0.04825752	0.03495156
0.04758647	0.0347429
0.04691989	0.03453354
0.04625779	0.0343235
0.04560016	0.03411278
0.04494701	0.03390137
0.04429836	0.03368928
0.04365421	0.03347652
0.04301455	0.03326309
0.04237941	0.03304898
0.04174879	0.03283421
0.04112269	0.03261878
0.04050111	0.03240268
0.03988408	0.03218593
0.03927158	0.03196853
0.03866363	0.03175047
0.03806023	0.03153176
0.0374614	0.03131242
0.03686712	0.03109242
0.03627742	0.03087179
0.0356923	0.03065053
0.03511176	0.03042863
0.0345358	0.0302061
0.03396444	0.02998295
0.03339768	0.02975917
0.03283553	0.02953477
0.03227798	0.02930976
0.03172506	0.02908413
0.03117675	0.02885789
0.03063307	0.02863104
0.03009402	0.02840358
0.02955962	0.02817553
0.02902985	0.02794687
0.02850473	0.02771762
0.02798427	0.02748777
0.02746846	0.02725733
0.02695732	0.02702631
0.02645085	0.0267947
0.02594905	0.02656251
0.02545193	0.02632974
0.02495949	0.0260964
0.02447174	0.02586248
0.02398869	0.02562799
0.02351033	0.02539293
0.02303667	0.02515731
0.02256773	0.02492113
0.02210349	0.02468439
0.02164397	0.0244471
0.02118918	0.02420925
0.02073911	0.02397085
0.02029376	0.0237319
0.01985316	0.02349241
0.01941729	0.02325237
0.01898616	0.0230118
0.01855979	0.02277069
0.01813816	0.02252904
0.01772129	0.02228687
0.01730918	0.02204417
0.01690183	0.02180094
0.01649926	0.02155718
0.01610145	0.02131291
0.01570842	0.02106812
0.01532017	0.02082281
0.0149367	0.02057699
0.01455802	0.02033066
0.01418413	0.02008382
0.01381504	0.01983647
0.01345074	0.01958863
0.01309125	0.01934028
0.01273656	0.01909143
0.01238669	0.01884209
0.01204162	0.01859226
0.01170137	0.01834193
0.01136594	0.01809112
0.01103533	0.01783982
0.01070955	0.01758804
0.01038859	0.01733578
0.01007247	0.01708304
0.00976119	0.01682982
0.00945474	0.01657612
0.00915314	0.01632196
0.00885637	0.01606733
0.00856446	0.01581222
0.0082774	0.01555666
0.00799519	0.01530062
0.00771783	0.01504413
0.00744534	0.01478718
0.0071777	0.01452977
0.00691493	0.01427191
0.00665703	0.01401359
0.00640399	0.01375483
0.00615583	0.01349561
0.00591254	0.01323595
0.00567413	0.01297584
0.00544059	0.01271529
0.00521194	0.0124543
0.00498817	0.01219287
0.00476929	0.01193101
0.00455529	0.0116687
0.00434618	0.01140597
0.00414197	0.0111428
0.00394265	0.0108792
0.00374822	0.01061518
0.0035587	0.01035072
0.00337407	0.01008585
0.00319434	0.00982055
0.00301952	0.00955483
0.0028496	0.00928868
0.00268459	0.00902212
0.00252449	0.00875515
0.0023693	0.00848776
0.00221902	0.00821995
0.00207365	0.00795174
0.0019332	0.00768311
0.00179766	0.00741407
0.00166704	0.00714463
0.00154133	0.00687478
0.00142055	0.00660452
0.00130469	0.00633386
0.00119375	0.0060628
0.00108773	0.00579134
0.00098664	0.00551947
0.00089047	0.00524721
0.00079922	0.00497456
0.00071291	0.0047015
0.00063152	0.00442805
0.00055506	0.00415421
0.00048353	0.00387997
0.00041693	0.00360535
0.00035526	0.00333033
0.00029853	0.00305492
0.00024672	0.00277913
0.00019985	0.00250294
0.00015791	0.00222637
0.0001209	0.00194942
0.00008882	0.00167208
0.00006168	0.00139435
0.00003948	0.00111624
0.00002221	0.00083775
0.00000987	0.00055888
0.00000247	0.00027963
0	0
