 START
  -3.0423355236485405E-003
  -1.8512670284937774E-003
  -1.9946502899850825E-003
  -1.4283163465736988E-003
  -4.3239573266248496E-004
  -6.6518838172147307E-003
  -3.7940652453395730E-003
  -3.8915399677070936E-003
  -2.4760907214349116E-003
  -5.5076211241879714E-004
  -7.2770864510761897E-003
  -4.1992917941796552E-003
  -3.9889900679075047E-003
  -2.3743699035606650E-003
  -3.7425724774165945E-004
  -7.4703800338046730E-003
  -3.9256051438577430E-003
  -3.5919002816179125E-003
  -1.9785326474919163E-003
  -5.6340149470354969E-007
  -7.4914381639629600E-003
  -3.3333742389320604E-003
  -3.1665612538173149E-003
  -1.8116519734952868E-003
  -2.2252020719687000E-005
  -3.6414402204252854E-003
  -1.4024575149332746E-003
  -1.2146774544880157E-003
  -6.5191970127350350E-004
  -5.1604079114125660E-005
   3.0931294905738229E-003
   1.9191703327741275E-003
   2.0444589870189100E-003
   1.4841229596978473E-003
   3.3122368967963345E-004
   6.6799028336919797E-003
   3.7106726648255613E-003
   3.7719541996811580E-003
   2.4804296834870939E-003
   3.9931251430688444E-004
   7.1042240212502127E-003
   3.8280222230115965E-003
   3.8781162084610583E-003
   2.2165726713178333E-003
   1.8423624364111719E-004
   7.3268629968075271E-003
   4.0038313511130555E-003
   3.7602500706003313E-003
   2.0033894308147619E-003
   1.2623431165038746E-004
   7.5812450226100418E-003
   3.5774245900864528E-003
   3.1335959135926038E-003
   1.3494115831925657E-003
   1.0307910937724250E-004
   3.4883751085067458E-003
   1.3047150293354207E-003
   1.1409163479061807E-003
   5.6783592927402463E-004
   2.7958137709626677E-005
 END
