        7456  -4.2949890000000000E-005  -1.0324630000000000E-003
        7444  -1.1015200000000001E-005   9.4550318096696590E-004
        7435   9.6154859999999994E-005   3.1471486819464774E-003
        7423   3.1290579999999999E-004   5.5909275780396499E-003
        7415   6.5204390000000003E-004   8.2977317061731747E-003
        7402   1.1485810000000001E-003   1.1286385772498932E-002
        7389   1.8400170000000000E-003   1.4574418246663301E-002
        7374   2.7713030000000001E-003   1.8176256754250688E-002
        7359   4.0373160000000000E-003   2.2087123970075739E-002
        7344   5.7599990000000000E-003   2.6277364344500675E-002
        7325   8.0331719999999999E-003   3.0713678500042502E-002
        7304   1.0983089999999999E-002   3.5327577349888513E-002
        7281   1.4778510000000000E-002   3.9992107909342579E-002
        7260   1.9606869999999998E-002   4.4508550592761313E-002
        7238   2.5709750000000000E-002   4.8510292191007637E-002
        7202   3.3143659999999998E-002   5.1751515590542918E-002
        7180   4.1735820000000000E-002   5.4438393522338119E-002
        7150   5.1410190000000001E-002   5.6793838547160136E-002
        7121   6.2222149999999997E-002   5.8774254052538208E-002
        7094   7.4199230000000005E-002   6.0454048892833470E-002
        7056   8.7368160000000000E-002   6.1954568565065531E-002
        7017  0.10176570000000000        6.3395742886923026E-002
        6991  0.10960810000000000        6.4067789017584531E-002
        6971  0.11745050000000000        6.4778625358412514E-002
        6944  0.12595760000000000        6.5456318799290716E-002
        6917  0.13446459999999999        6.6174175976699182E-002
        6898  0.14366050000000000        6.6841558991235242E-002
        6877  0.15285650000000001        6.7548606761810584E-002
        6852  0.16275660000000000        6.8214185161457538E-002
        6833  0.17265670000000000        6.8917042218954172E-002
        6807  0.18327250000000000        6.9559636258642893E-002
        6778  0.19388839999999999        7.0235480407791803E-002
        6757  0.20522219999999999        7.0844511083826944E-002
        6730  0.21655610000000000        7.1481624354162152E-002
        6699  0.22860120000000000        7.2040327009172594E-002
        6673  0.24064630000000001        7.2621640481669164E-002
        6655  0.24913969999999999        7.2943737647084214E-002
        6634  0.25763300000000000        7.3274200250356358E-002
        6613  0.26612639999999999        7.3612160901665336E-002
        6586  0.27506459999999999        7.3872678021232166E-002
        6559  0.28400290000000000        7.4140056076363453E-002
        6538  0.29294110000000001        7.4413812271145102E-002
        6518  0.30229790000000001        7.4605212265991830E-002
        6495  0.31165460000000000        7.4803122564856842E-002
        6471  0.32101140000000000        7.5007574892303419E-002
        6447  0.33075280000000001        7.5118300316891304E-002
        6421  0.34049430000000003        7.5236624531379914E-002
        6399  0.35023569999999998        7.5363050834650558E-002
        6378  0.36031970000000002        7.5389465035986244E-002
        6351  0.37040360000000000        7.5425947082090911E-002
        6331  0.38048759999999998        7.5473335136932621E-002
        6304  0.39086470000000001        7.5423454108176677E-002
        6279  0.40124179999999998        7.5387092058193189E-002
        6257  0.41161890000000001        7.5365285964508796E-002
        6230  0.42223290000000002        7.5238875320152429E-002
        6209  0.43284689999999998        7.5129884884844719E-002
        6186  0.44346089999999999        7.5039362960097084E-002
        6159  0.45424999999999999        7.4845252637475046E-002
        6141  0.46503909999999998        7.4672347853306037E-002
        6116  0.47582819999999998        7.4521614677803077E-002
        6096  0.48672620000000000        7.4268084762990599E-002
        6068  0.49762410000000001        7.4039048848735106E-002
        6044  0.50852209999999998        7.3835327758745642E-002
        6022  0.51945889999999995        7.3510708558977705E-002
        5996  0.53039570000000003        7.3213073557120006E-002
        5968  0.54133249999999999        7.2942996275133329E-002
        5943  0.55223780000000000        7.2553155583964038E-002
        5920  0.56314299999999995        7.2191486243035743E-002
        5898  0.57404829999999996        7.1858089144220261E-002
        5870  0.58485109999999996        7.1395595071626045E-002
        5848  0.59565380000000001        7.0960225955635323E-002
        5824  0.60645660000000001        7.0551133022982021E-002
        5801  0.61708730000000001        6.9991877639735411E-002
        5777  0.62771800000000000        6.9455180680930248E-002
        5747  0.63834869999999999        6.8938835796785503E-002
        5727  0.64874089999999995        6.8252125934062158E-002
        5696  0.65913319999999997        6.7579229347118602E-002
        5673  0.66952540000000005        6.6916622704133080E-002
        5654  0.67961839999999996        6.6071008183546318E-002
        5621  0.68971150000000003        6.5227567833703218E-002
        5601  0.69980450000000005        6.4382332992060212E-002
        5574  0.70954709999999999        6.3368481169406826E-002
        5553  0.71928970000000003        6.2346133233870893E-002
        5525  0.72903229999999997        6.1312590687831348E-002
        5501  0.73838380000000003        6.0145025288477663E-002
        5476  0.74773529999999999        5.8964558946492822E-002
        5456  0.75708679999999995        5.7771517935847526E-002
        5423  0.76601430000000004        5.6482396068795342E-002
        5401  0.77494189999999996        5.5185854055376897E-002
        5383  0.78386940000000005        5.3885709506784840E-002
        5358  0.79235080000000002        5.2543718252175395E-002
        5328  0.80083230000000005        5.1208150580549616E-002
        5302  0.80931370000000002        4.9884785634681572E-002
        5260  0.82134490000000004        4.7919010849664316E-002
        5219  0.83337600000000001        4.6006764524348015E-002
        5167  0.84470540000000005        4.4183600337335628E-002
        5114  0.85603490000000004        4.2425310218748527E-002
        5059  0.86666089999999996        4.0779347826340399E-002
        4989  0.87728700000000004        3.9178797069405816E-002
        4910  0.88721039999999995        3.7652608474886717E-002
        4806  0.89713390000000004        3.6129834170134441E-002
        4669  0.90637160000000005        3.4671603046867006E-002
        4403  0.91560920000000001        3.3172889362456666E-002
        4198  0.92417689999999997        3.1705904391558362E-002
        4103  0.93274449999999998        3.0171968773630712E-002
        4024  0.94070220000000004        2.8667475114099832E-002
        3962  0.94858750000000003        2.7108370894172319E-002
        3912  0.95610350000000000        2.5546678956705739E-002
        3874  0.96318859999999995        2.4024682739187290E-002
        3826  0.97029250000000000        2.2444886324673341E-002
        3780  0.97660680000000000        2.1014466516061158E-002
        3729  0.98338820000000005        1.9412599742571743E-002
        3673  0.98888969999999998        1.8104772482243195E-002
        3640  0.99214349999999996        1.7179207132956148E-002
        3608  0.99465640000000000        1.6464004079391727E-002
        3588  0.99662410000000001        1.5903836515766236E-002
        3567  0.99801200000000001        1.5508719871045525E-002
        3548  0.99909260000000000        1.5201090000000000E-002
        3532   1.0000000000000002        1.4942769999999999E-002
        3553  0.99878889999999998        1.5123609552626203E-002
        3579  0.99734489999999998        1.5339219752753520E-002
        3603  0.99548239999999999        1.5617255093400801E-002
        3637  0.99281920000000001        1.6014497375169325E-002
        3678  0.98908350000000000        1.6570079727941511E-002
        3734  0.98369510000000004        1.7307676837902436E-002
        3786  0.97724370000000005        1.8169135859479952E-002
        3835  0.97113890000000003        1.8557215171993265E-002
        3880  0.96434929999999996        1.8930135255572970E-002
        3956  0.95267950000000001        1.8858287902305954E-002
        4041  0.94286320000000001        1.8185373244418778E-002
        4147  0.93420020000000004        1.7107515786630612E-002
        4279  0.92624519999999999        1.5721176661317223E-002
        4568  0.91864849999999998        1.4067703466521544E-002
        4744  0.91112760000000004        1.2155737293053647E-002
        4849  0.90340359999999997        9.9553738228060022E-003
        4943  0.89516130000000005        7.3982591608492670E-003
        5023  0.88602729999999996        4.3077878152812058E-003
        5094  0.87545320000000004        3.9480327201922572E-004
        5173  0.86255269999999995       -4.6124933860181650E-003
        5218  0.85413640000000002       -7.9742866843739088E-003
        5255  0.84572020000000003       -1.1196977260162611E-002
        5296  0.83536160000000004       -1.5144596699674068E-002
        5342  0.82500300000000004       -1.8886566988810263E-002
        5380  0.81410419999999994       -2.2596367517408039E-002
        5414  0.80320550000000002       -2.6128686356846925E-002
        5458  0.79176259999999998       -2.9578105058566360E-002
        5486  0.78031960000000000       -3.2906387012513375E-002
        5512  0.77230989999999999       -3.4985966890510617E-002
        5541  0.76430030000000004       -3.7033462686102747E-002
        5564  0.75629060000000004       -3.9057519938965293E-002
        5585  0.74791600000000003       -4.0924196541285825E-002
        5611  0.73954129999999996       -4.2779195956636623E-002
        5634  0.73116669999999995       -4.4627019106479690E-002
        5664  0.72245859999999995       -4.6309314981288430E-002
        5688  0.71375060000000001       -4.7988890661810057E-002
        5708  0.70504250000000002       -4.9666395044363779E-002
        5740  0.69603619999999999       -5.1156098065844979E-002
        5760  0.68703000000000003       -5.2642446189839126E-002
        5786  0.67802370000000001       -5.4124183691694305E-002
        5807  0.66877980000000004       -5.5492118579848149E-002
        5833  0.65953589999999995       -5.6852368730836822E-002
        5854  0.65029199999999998       -5.8203876417008048E-002
        5877  0.64085899999999996       -5.9450502202865081E-002
        5901  0.63142589999999998       -6.0687127718639773E-002
        5923  0.62199289999999996       -6.1914128326162131E-002
        5944  0.61241409999999996       -6.3004528537407706E-002
        5967  0.60283540000000002       -6.4087427437199126E-002
        5994  0.59325660000000002       -6.5164732465509884E-002
        6018  0.58358189999999999       -6.6097941218927009E-002
        6041  0.57390719999999995       -6.7030494612028299E-002
        6061  0.56423250000000003       -6.7965251344665953E-002
        6083  0.55451070000000002       -6.8730641148961227E-002
        6110  0.54478879999999996       -6.9504189226921073E-002
        6129  0.53506699999999996       -7.0288771636764766E-002
        6152  0.52534579999999997       -7.0854286196131072E-002
        6176  0.51562470000000005       -7.1435943895003184E-002
        6195  0.50590349999999995       -7.2035862284136484E-002
        6216  0.49623679999999998       -7.2396594417700882E-002
        6240  0.48657020000000001       -7.2778559071478996E-002
        6263  0.47690349999999998       -7.3182772912296953E-002
        6283  0.46734870000000001       -7.3369837034019780E-002
        6306  0.45779399999999998       -7.3579554526494645E-002
        6332  0.44823920000000000       -7.3811883085882976E-002
        6350  0.43885059999999998       -7.3868905930271109E-002
        6377  0.42946190000000001       -7.3946789558810302E-002
        6394  0.42007329999999998       -7.4044698685246074E-002
        6417  0.41089880000000001       -7.4001646034068363E-002
        6436  0.40172439999999998       -7.3975595232695868E-002
        6465  0.39254990000000001       -7.3965330695598019E-002
        6487  0.38363170000000002       -7.3836151488535229E-002
        6505  0.37471349999999998       -7.3719410943944103E-002
        6528  0.36579529999999999       -7.3613866737596290E-002
        6546  0.35716910000000002       -7.3407512313695869E-002
        6570  0.34854289999999999       -7.3209441430156758E-002
        6595  0.33991670000000002       -7.3018674103198761E-002
        6628  0.32746080000000000       -7.2596256676887988E-002
        6657  0.31500489999999998       -7.2185039963994002E-002
        6683  0.30307030000000001       -7.1636119496186576E-002
        6706  0.29113580000000000       -7.1095318798526791E-002
        6735  0.27974979999999999       -7.0460851455689408E-002
        6759  0.26836389999999999       -6.9834487274879870E-002
        6775  0.25754779999999999       -6.9114241679615579E-002
        6803  0.24673170000000000       -6.8404421652296488E-002
        6831  0.23649840000000000       -6.7613034320516185E-002
        6850  0.22626510000000000       -6.6835893700447610E-002
        6866  0.21661939999999999       -6.6008235461061826E-002
        6889  0.20697370000000001       -6.5199236481468373E-002
        6908  0.19791470000000000       -6.4351651103008625E-002
        6934  0.18885569999999999       -6.3527003607023527E-002
        6955  0.18037660000000000       -6.2673067907696792E-002
        6978  0.17189750000000001       -6.1845628985161410E-002
        6996  0.16398799999999999       -6.0993222428483831E-002
        7022  0.15607850000000001       -6.0169873666971241E-002
        7052  0.14136420000000000       -5.8546183641106281E-002
        7085  0.12771379999999999       -5.6999819466511135E-002
        7112  0.11509070000000000       -5.5492419207018098E-002
        7142  0.10344410000000000       -5.4050089718221762E-002
        7165   9.2731679999999997E-002  -5.2627313763842595E-002
        7190   8.2899189999999998E-002  -5.1240595168249456E-002
        7208   7.3898519999999995E-002  -4.9865426066355682E-002
        7237   6.5678089999999995E-002  -4.8500102112016732E-002
        7254   5.8190980000000003E-002  -4.7123727450903388E-002
        7274   5.1401229999999999E-002  -4.5688815713070367E-002
        7294   4.5253599999999998E-002  -4.4225570725774217E-002
        7312   3.9693730000000003E-002  -4.2759954971718708E-002
        7333   3.4696079999999997E-002  -4.1244450523772354E-002
        7347   3.0230429999999999E-002  -3.9665247786012110E-002
        7366   2.6242399999999999E-002  -3.8062936734902082E-002
        7383   2.2706870000000001E-002  -3.6422771305089495E-002
        7399   1.9597810000000000E-002  -3.4746196509243946E-002
        7413   1.6869579999999999E-002  -3.3071101789905286E-002
        7426   1.4485359999999999E-002  -3.1405489399052973E-002
        7439   1.2434920000000000E-002  -2.9749496294572100E-002
        7452   1.0669200000000000E-002  -2.8128143534979413E-002
        7465   9.1643360000000004E-003  -2.6559321328088685E-002
        7472   7.8720040000000002E-003  -2.5059922048675139E-002
        7478   6.7762639999999997E-003  -2.3640577071901647E-002
        7490   5.8412170000000001E-003  -2.2299602490031174E-002
        7496   5.0539419999999996E-003  -2.1046042437746409E-002
        7499   4.3890010000000000E-003  -1.9879516981070815E-002
        7507   3.8214600000000000E-003  -1.8796019077553242E-002
        7511   3.3395840000000000E-003  -1.7798538505385608E-002
        7514   2.9330590000000000E-003  -1.6883801631986793E-002
        7516   2.5896589999999998E-003  -1.6044128765071573E-002
        7515   2.2991760000000000E-003  -1.5273146261803065E-002
        7513   2.0530959999999999E-003  -1.4566543191758673E-002
        7512   1.8441110000000001E-003  -1.3924326801262000E-002
        7510   1.6659410000000000E-003  -1.3341234754944547E-002
        7508   1.5135019999999999E-003  -1.2812038557083179E-002
        7504   1.3614650000000001E-003  -1.2248969887167935E-002
        7500   1.2009259999999999E-003  -1.1616824020216104E-002
        7497   1.0337569999999999E-003  -1.0906671868417549E-002
        7495   8.6201409999999996E-004  -1.0109001734845141E-002
        7492   6.8709109999999995E-004  -9.2132710258376830E-003
        7486   5.1177959999999995E-004  -8.2080248533680598E-003
        7481   3.4505350000000001E-004  -7.0794498271482239E-003
        7474   1.9828049999999999E-004  -5.8132422561621034E-003
        7470   7.7053080000000001E-005  -4.3940178947852728E-003
        7464  -8.9502660000000000E-006  -2.8060790000000000E-003
        2040   1.2633930000000000      -0.10047450000000001     
        2048   1.2625603134451218       -9.9909998501928693E-002
        2055   1.2624902550127919      -0.10010450880000950     
        2067   1.2615725716078956       -9.9240742293146555E-002
        2069   1.2614238291869988       -9.9667251017823769E-002
        2080   1.2603300944496973       -9.8399224782125122E-002
        2088   1.2600742314808553       -9.9114219118588850E-002
        2096   1.2588127419728687       -9.7371546670525222E-002
        2114   1.2583460676509708       -9.8406465081454855E-002
        2120   1.2570708606716134       -9.6192106221694662E-002
        2134   1.2554336911584516       -9.5083322205227222E-002
        2141   1.2563959798865774       -9.7607425682448776E-002
        2154   1.2536102539164959       -9.3848694542873409E-002
        2161   1.2544649711708591       -9.6816195886612680E-002
        2183   1.2523341304190907       -9.5942760267574978E-002
        2189   1.2499432284351097       -9.1364439974826100E-002
        2214   1.2460617489280463       -8.8735852694717954E-002
        2222   1.2478595715302658       -9.4109213434129438E-002
        2241   1.2419076368316395       -8.6045368600249778E-002
        2262   1.2429481504226596       -9.2091625948105771E-002
        2277   1.2374197379318186       -8.3377873467623390E-002
        2300   1.2376158621630138       -8.9789422832795451E-002
        2308   1.2326719250973377       -8.0620282926291947E-002
        2335   1.2276671435791089       -7.7767107249753151E-002
        2337   1.2317790398791451       -8.7336337429587241E-002
        2370   1.2223916288732122       -7.4841965261683477E-002
        2384   1.2253796989041554       -8.4834194666690052E-002
        2404   1.2168454192790095       -7.1848686770584494E-002
        2420   1.2184312681475573       -8.2225817398413434E-002
        2429   1.2110306439943470       -6.8800181130294943E-002
        2460   1.2049444756663481       -6.5713727477822004E-002
        2466   1.2109375164132026       -7.9488066780414438E-002
        2485   1.1986028917953813       -6.2586995924331437E-002
        2496   1.2028937474460306       -7.6651341294372358E-002
        2517   1.1920139105811398       -5.9421766378157333E-002
        2537   1.1943003729391799       -7.3756808881804373E-002
        2544   1.1851985528732676       -5.6220018733300604E-002
        2577   1.1781610843673345       -5.3008301660938971E-002
        2582   1.1851716804878512       -7.0833158103555796E-002
        2604   1.1709137034600288       -4.9806394168080734E-002
        2622   1.1755411028348179       -6.7923496793144703E-002
        2631   1.1634814476007163       -4.6617916065394137E-002
        2658   1.1558805164860613       -4.3462756353054195E-002
        2660   1.1654449180754312       -6.5055453557082740E-002
        2684   1.1481321075627648       -4.0360554042069154E-002
        2702   1.1549521251596786       -6.2228578394869928E-002
        2717   1.1402632908796482       -3.7318178779941986E-002
        2743   1.1441172624785649       -5.9496438610028797E-002
        2744   1.1322923764315369       -3.4366539015185611E-002
        2775   1.1242455910146403       -3.1528183611642828E-002
        2789   1.1330175137789955       -5.6877023277400414E-002
        2807   1.1161529847281109       -2.8807972316315801E-002
        2822   1.1217409646595073       -5.4378451961655118E-002
        2827   1.1080446289707462       -2.6212894769707541E-002
        2858   1.0999496656901682       -2.3757000259657289E-002
        2868   1.1103757729174331       -5.2016063866466275E-002
        2889   1.0918981018862479       -2.1440838748665418E-002
        2909   1.0990101184497385       -4.9807408085008137E-002
        2918   1.0839199385589560       -1.9264360229232010E-002
        2947   1.0760432216075160       -1.7232014469525624E-002
        2961   1.0877409312075497       -4.7744994959444606E-002
        2981   1.0682919906312578       -1.5347641269547985E-002
        3010   1.0766542068909035       -4.5827964504108913E-002
        3019   1.0606893182789610       -1.3618390264135508E-002
        3058   1.0532534335468011       -1.2067070306797678E-002
        3067   1.0658290332483042       -4.4064696273671496E-002
        3095   1.0460023041353095       -1.0690361557533218E-002
        3132   1.0553422479324253       -4.2438571073459011E-002
        3144   1.0389559519441125       -9.4903539051764078E-003
        3190   1.0321284794714964       -8.4772268360648832E-003
        3196   1.0452548150938388       -4.0945699077636705E-002
        3232   1.0255356115220404       -7.6233817248538092E-003
        3274   1.0356197249826857       -3.9584840330537593E-002
        3288   1.0191882768469283       -6.9216389268736082E-003
        3353   1.0130954557964833       -6.3699885396234449E-003
        3366   1.0264797742523366       -3.8335445845319872E-002
        3428   1.0072639054247514       -5.9441017772598834E-003
        3484   1.0178618965538864       -3.7190745951480884E-002
        3524   1.0016976360315599       -5.6449885879500481E-003
        3606  0.99639668621626520       -5.4765087786955106E-003
        3609   1.0097859603895185       -3.6137491304848467E-002
        3670  0.99136182603269929       -5.4156634991533673E-003
        3703   1.0022571087068479       -3.5189951190261907E-002
        3725  0.98659200643168021       -5.4575529946549409E-003
        3761  0.99527703311101412       -3.4317277149541699E-002
        3765  0.98208339530041122       -5.5889849260780059E-003
        3798  0.97783065949778036       -5.7866714595628480E-003
        3810  0.98883549741262478       -3.3515901364486324E-002
        3834  0.97382657527751948       -6.0282737144335078E-003
        3849  0.98291664010604429       -3.2789752643947380E-002
        3862  0.97006266276096365       -6.3058460907866130E-003
        3884  0.96653169710852982       -6.6169407134211381E-003
        3886  0.97749987941764460       -3.2130756398504746E-002
        3900  0.96322404040085385       -6.9578137727354609E-003
        3917  0.97256133443878401       -3.1530941034688377E-002
        3925  0.96013192782735257       -7.3320230934310702E-003
        3946  0.96807365163536607       -3.0985089822446001E-002
        3949  0.95724549247914537       -7.7329270108718266E-003
        3973  0.95455804919432075       -8.1720429514291568E-003
        3981  0.96400838292820390       -3.0488537004542217E-002
        3996  0.95206130058783889       -8.6496739027198347E-003
        4010  0.96033587899813189       -3.0036498830041634E-002
        4020  0.94975047070263430       -9.1782482449323608E-003
        4033  0.95702603565023248       -2.9628706322427346E-002
        4039  0.94761532654592773       -9.7445176438778567E-003
        4063  0.95404898697895002       -2.9268718313717433E-002
        4064  0.94565323185165817       -1.0354868781108953E-002
        4084  0.94384787572834727       -1.0988293712433520E-002
        4088  0.95137602841937241       -2.8956221829128333E-002
        4109  0.94220520988346390       -1.1659933678824544E-002
        4116  0.94898075868819853       -2.8681220377272436E-002
        4124  0.94070304292020746       -1.2350759639107390E-002
        4138  0.94683879290185358       -2.8435347384596181E-002
        4153  0.93936219630487794       -1.3082814484224584E-002
        4162  0.94492579247599062       -2.8214866046047941E-002
        4168  0.93815157878567601       -1.3837128173018168E-002
        4184  0.94321963731595382       -2.8017877463943512E-002
        4186  0.93709330075741915       -1.4614629651671924E-002
        4207  0.94170104168317992       -2.7835904068579297E-002
        4211  0.93616608778135690       -1.5407981294149381E-002
        4232  0.93535508349510132       -1.6201620883494021E-002
        4233  0.94035149259955997       -2.7657740426383907E-002
        4250  0.93467972912462405       -1.6989573711953400E-002
        4254  0.93915059388837174       -2.7493871019944958E-002
        4268  0.93409534450461285       -1.7774046684078303E-002
        4272  0.93809050212700917       -2.7299992067010649E-002
        4285  0.93361962614678540       -1.8544602315831112E-002
        4289  0.93716317591283183       -2.7062003275258380E-002
        4299  0.93325591557878140       -1.9285376399288547E-002
        4309  0.93635083454885915       -2.6821924549672325E-002
        4319  0.93297663517690599       -1.9988744324864006E-002
        4325  0.93565095765709838       -2.6567730492347418E-002
        4333  0.93279326556981079       -2.0662711688460865E-002
        4337  0.93506603019946577       -2.6257904178249698E-002
        4345  0.93270054282189663       -2.1310911310197321E-002
        4351  0.93457548241213251       -2.5915572457922108E-002
        4352  0.93267813504870356       -2.1930256351188622E-002
        4361  0.93416199616707463       -2.5559009423455493E-002
        4364  0.93271661951061446       -2.2488519425904692E-002
        4369  0.93383820844033760       -2.5211849888926420E-002
        4372  0.93280549373267474       -2.2985505547595382E-002
        4373  0.93359673430500645       -2.4885638279589721E-002
        4376  0.93293175767155745       -2.3441275717569036E-002
        4377  0.93341207233611545       -2.4580359604695227E-002
        4378  0.93308423759016290       -2.3868512305447558E-002
        4379  0.93324545525646885       -2.4249479203840137E-002
