 START
  0.49687194362309417     
   3.2128253855637452E-002
   5.8853401970783342E-002
  0.13660995662703027     
  -3.9415996128643500E-003
   1.1864996992732715     
   9.2176581977344005E-002
  0.13799591183268425     
  0.23782285042385873     
 -0.10431450806310237     
   1.2568287353134857     
  0.13818746842285931     
  0.13281369064209997     
  0.22717059681843410     
  -5.5330252213649685E-002
   1.2330655050667449     
  0.10261067562447125     
  0.16859084552623596     
  0.27967564863941219     
  -3.0322300753234614E-002
   1.1108265583115007     
  0.16432859306799855     
  0.18632832237570157     
  0.21836529530974830     
  -5.7379807571818174E-002
  0.58745488575937210     
  0.13029553589416126     
  0.12463060704956533     
  0.16061256614007871     
   3.0631924683901302E-002
 -0.48898435169086085     
 -0.14409829857138701     
   3.0531599424971721E-003
  0.11498977250029793     
   7.7753670513471984E-002
  -1.0998667373846425     
 -0.33748588097063037     
   7.1334494393863010E-002
  0.31327365326172574     
  0.20612944351534557     
  -1.0879815979750989     
 -0.30968060289905219     
  0.10240592997263423     
  0.34468405669731472     
  0.19569206220389138     
  -1.1004197419526427     
 -0.35436963385396014     
   1.1945173361029002E-002
  0.27964996513220719     
  0.18962224069297537     
  -1.1139872543048455     
 -0.29957796705836803     
   9.8820506137727818E-002
  0.31994309145985461     
  0.17753122934653287     
 -0.60792056162541974     
 -0.19728743322428727     
   2.0421746768440594E-003
  0.14042859244778155     
  0.15297846018018973     
  0.98298834238842980     
  0.40710057825292517     
  -1.5412358629472691     
 END
