  -1578.2733394217753        28.110613887405368        0.0000000000000000     
  -1578.2406015864517        28.666375615041886        0.0000000000000000     
  -1578.1767295155691        29.268412605437522        0.0000000000000000     
  -1578.0749833146133        29.920355911658579        0.0000000000000000     
  -1577.9247399404294        30.626184350837271        0.0000000000000000     
  -1577.7144762653215        31.390248064274250        0.0000000000000000     
  -1577.4316248590387        32.216780200303397        0.0000000000000000     
  -1577.0607822580191        33.110398215122501        0.0000000000000000     
  -1576.5838176404720        34.075302192167122        0.0000000000000000     
  -1575.9767286676088        35.115245659885154        0.0000000000000000     
  -1575.2128943174944        36.232763093336139        0.0000000000000000     
  -1574.2617308953565        37.428398083628842        0.0000000000000000     
  -1573.0844652165488        38.699347614136293        0.0000000000000000     
  -1571.6375822883683        40.037729794192856        0.0000000000000000     
  -1569.8711207753195        41.428591235693489        0.0000000000000000     
  -1567.7193885767388        42.847891537428879        0.0000000000000000     
  -1565.1141314209517        44.261835199729262        0.0000000000000000     
  -1561.9665089289247        45.628014639487233        0.0000000000000000     
  -1558.1753326878120        46.901980386766496        0.0000000000000000     
  -1553.6237520459185        48.051301751353847        0.0000000000000000     
  -1548.1643081048892        49.074779311238274        0.0000000000000000     
  -1541.6318655274993        50.022388680823966        0.0000000000000000     
  -1533.8242036997726        50.987595534270014        0.0000000000000000     
  -1524.5094068965909        52.020541851382148        0.0000000000000000     
  -1513.4180596321139        53.102159487318971        0.0000000000000000     
  -1500.2353274426875        54.202290612457304        0.0000000000000000     
  -1484.5973256081638        55.282057949922503        0.0000000000000000     
  -1466.0805945558648        56.295027871814149        0.0000000000000000     
  -1444.1933698080747        57.187791745432420        0.0000000000000000     
  -1422.4496962990829        57.808321564227271        0.0000000000000000     
  -1400.8414144495732        58.205466436227567        0.0000000000000000     
  -1379.3652524993558        58.410525638589917        0.0000000000000000     
  -1358.0198667119646        58.441172688887704        0.0000000000000000     
  -1336.8039286945821        58.305415960198289        0.0000000000000000     
  -1315.7164877327218        58.005074861727721        0.0000000000000000     
  -1294.7565754687487        57.537860272952884        0.0000000000000000     
  -1273.9226157324347        56.900414745665643        0.0000000000000000     
  -1253.2152820533313        56.089620439714331        0.0000000000000000     
  -1232.6323492801334        55.099922479782002        0.0000000000000000     
  -1212.1711869653186        53.944277732549338        0.0000000000000000     
  -1191.8339954584944        52.615110992458007        0.0000000000000000     
  -1171.6185283825182        51.123620488721670        0.0000000000000000     
  -1151.5216758417805        49.480329935528609        0.0000000000000000     
  -1131.5426599774223        47.698260853971455        0.0000000000000000     
  -1111.6812826154282        45.792307584515264        0.0000000000000000     
  -1091.9359256471712        43.778764764619055        0.0000000000000000     
  -1072.3040100215756        41.673732400667674        0.0000000000000000     
  -1052.7842763854205        39.492470535171897        0.0000000000000000     
  -1033.3760854723143        37.248649904697146        0.0000000000000000     
  -1014.0771300472048        34.952902783214384        0.0000000000000000     
  -994.88723188213862        32.612633305310368        0.0000000000000000     
  -975.80401470246761        30.231222075522638        0.0000000000000000     
  -956.82894523683842        27.808236997943670        0.0000000000000000     
  -937.95895629454071        25.339140925836436        0.0000000000000000     
  -919.19437875986989        22.816776694243213        0.0000000000000000     
  -900.53496383227730        20.232114318833830        0.0000000000000000     
  -881.97930129525196        17.577049850443714        0.0000000000000000     
  -863.55266434512600        14.850693269574949        0.0000000000000000     
  -848.01803461436941        12.447979661367238        0.0000000000000000     
  -834.91264850112486        10.314096089096719        0.0000000000000000     
  -823.84658377382141        8.4882735136950878        0.0000000000000000     
  -814.49759484765355        6.9355042631496762        0.0000000000000000     
  -806.59471487166525        5.6211204154534524        0.0000000000000000     
  -799.91184569539496        4.5096035236689067        0.0000000000000000     
  -794.25912600685047        3.5692773029449878        0.0000000000000000     
  -789.47570355158359        2.7737468785973309        0.0000000000000000     
  -785.42760817186706        2.1004552515819497        0.0000000000000000     
  -782.00042199937479        1.5304274919088512        0.0000000000000000     
  -779.09905187705670        1.0478600596141028        0.0000000000000000     
  -776.64219690812331       0.63920279900523658        0.0000000000000000     
  -774.56154298271349       0.29313082804734425        0.0000000000000000     
  -772.80000761321355        0.0000000000000000        0.0000000000000000     
  -1233.4222475832571        105.46998351076830        598.14999999999998     
  -1233.4118580932750        105.90533462431904        598.14999999999998     
  -1233.3784228255147        106.37771010216943        598.14999999999998     
  -1233.3167785182879        106.89013234140516        598.14999999999998     
  -1233.2187395128210        107.44600153874764        598.14999999999998     
  -1233.0754275176746        108.04903272394802        598.14999999999998     
  -1232.8771456755323        108.70287796015148        598.14999999999998     
  -1232.6119932978693        109.41156711013898        598.14999999999998     
  -1232.2659288315583        110.17887817026759        598.14999999999998     
  -1231.8203141612373        111.00840023707659        598.14999999999998     
  -1231.2544332735486        111.90284087462189        598.14999999999998     
  -1230.5444218248360        112.86345941502252        598.14999999999998     
  -1229.6599299110312        113.88912245937136        598.14999999999998     
  -1228.5667666651020        114.97485564579823        598.14999999999998     
  -1227.2255149917228        116.11033245092700        598.14999999999998     
  -1225.5842274409831        117.27855189115073        598.14999999999998     
  -1223.5886897651587        118.45495699014818        598.14999999999998     
  -1221.1683793655836        119.60882004421488        598.14999999999998     
  -1218.2430767862750        120.70815401752733        598.14999999999998     
  -1214.7206618827254        121.73079466479049        598.14999999999998     
  -1210.4859687326491        122.67982734969600        598.14999999999998     
  -1205.4114269923878        123.59882496356249        598.14999999999998     
  -1199.3416980450581        124.56636983061783        598.14999999999998     
  -1192.0970751972739        125.62798680696515        598.14999999999998     
  -1183.4666832857026        126.77611989989025        598.14999999999998     
  -1173.2038821148308        127.99578305717658        598.14999999999998     
  -1161.0234959263030        129.26651213188984        598.14999999999998     
  -1146.5936277401472        130.56356124789093        598.14999999999998     
  -1129.5288589613326        131.85859543250155        598.14999999999998     
  -1112.5687406816096        132.93689855942611        598.14999999999998     
  -1095.7082355725026        133.83688025829517        598.14999999999998     
  -1078.9456435356506        134.58309750542992        598.14999999999998     
  -1062.2803978715999        135.18940295413978        598.14999999999998     
  -1045.7116800144734        135.66209326501993        598.14999999999998     
  -1029.2387973316056        136.00261667000726        598.14999999999998     
  -1012.8609312571190        136.20921010413511        598.14999999999998     
  -996.57675949228860        136.27929193655947        598.14999999999998     
  -980.38672280335629        136.21040646964821        598.14999999999998     
  -964.28893219214331        135.99827197419660        598.14999999999998     
  -948.28168756028901        135.65308904036883        598.14999999999998     
  -932.36650010633628        135.16887584059950        598.14999999999998     
  -916.54192159834815        134.55444769972186        598.14999999999998     
  -900.80581117172233        133.81811620972152        598.14999999999998     
  -885.15791696003487        132.97008196076271        598.14999999999998     
  -869.59849082970982        132.02199377494648        598.14999999999998     
  -854.12671421486959        130.98663387328105        598.14999999999998     
  -838.74101295036553        129.87665854356274        598.14999999999998     
  -823.44082033674385        128.70403144092242        598.14999999999998     
  -808.22601044079306        127.47945688837183        598.14999999999998     
  -793.09507206396984        126.21130944450262        598.14999999999998     
  -778.04806817288045        124.90538203706231        598.14999999999998     
  -763.08323570255823        123.56438223010686        598.14999999999998     
  -748.20170805191026        122.18793222400055        598.14999999999998     
  -733.40096655669834        120.77256885541603        598.14999999999998     
  -718.68107418352861        119.31268809642357        598.14999999999998     
  -704.04159016615915        117.80123768715660        598.14999999999998     
  -689.48119220586534        116.23192096701993        598.14999999999998     
  -675.01958885030990        114.60335267068263        598.14999999999998     
  -662.82484627562508        113.14888703980202        598.14999999999998     
  -652.53415089831674        111.83830010352129        598.14999999999998     
  -643.84412961090891        110.71289795534480        598.14999999999998     
  -636.50222335692922        109.75410544651676        598.14999999999998     
  -630.29591984129024        108.94221402937427        598.14999999999998     
  -625.04771620181384        108.25562615807587        598.14999999999998     
  -620.60850751560599        107.67475921817052        598.14999999999998     
  -616.85198277112772        107.18336782532269        598.14999999999998     
  -613.67292476983334        106.76747339301106        598.14999999999998     
  -610.98148016502967        106.41536413252861        598.14999999999998     
  -608.70297056205789        106.11728021995279        598.14999999999998     
  -606.77354782248290        105.86484709669203        598.14999999999998     
  -605.13956439803371        105.65107546948568        598.14999999999998     
  -603.75618806527268        105.46998351076830        598.14999999999998     
  -886.97580285498952        179.39166463873391        1196.3000000000000     
  -886.99020626848323        179.70335484589978        1196.3000000000000     
  -886.98991641027919        180.04266309382609        1196.3000000000000     
  -886.97137652184870        180.41200835393059        1196.3000000000000     
  -886.92887795538195        180.81423106389977        1196.3000000000000     
  -886.85623038596145        181.25243139323379        1196.3000000000000     
  -886.74665238367106        181.72970551848971        1196.3000000000000     
  -886.59179857177855        182.24953006970020        1196.3000000000000     
  -886.38177322773913        182.81530891818116        1196.3000000000000     
  -886.10336961833491        183.43054122064729        1196.3000000000000     
  -885.74184426553870        184.09820016290408        1196.3000000000000     
  -885.28011963586948        184.82038154033614        1196.3000000000000     
  -884.69633970617974        185.59779587786650        1196.3000000000000     
  -883.96569673179829        186.42860079515370        1196.3000000000000     
  -883.05936036615753        187.30739027518794        1196.3000000000000     
  -881.93916499174111        188.22461550413837        1196.3000000000000     
  -880.56493733858781        189.16544055371708        1196.3000000000000     
  -878.88448058545396        190.11143603451893        1196.3000000000000     
  -876.83856980352698        191.04375828627136        1196.3000000000000     
  -874.35992564039043        191.95118080646603        1196.3000000000000     
  -871.36598407807105        192.84167906068311        1196.3000000000000     
  -867.76730501830832        193.75278870444481        1196.3000000000000     
  -863.45626191429824        194.74845986274269        1196.3000000000000     
  -858.30606529397187        195.87023556835888        1196.3000000000000     
  -852.16487262908777        197.12328065941577        1196.3000000000000     
  -844.85477964932124        198.50924124073802        1196.3000000000000     
  -836.16992842170657        200.02777867420556        1196.3000000000000     
  -825.87068801413784        201.67783481567270        1196.3000000000000     
  -813.67880483815134        203.45846779973212        1196.3000000000000     
  -801.55120240288181        205.07894771189041        1196.3000000000000     
  -789.48619174660189        206.56698043765661        1196.3000000000000     
  -777.48378514630394        207.94020339457018        1196.3000000000000     
  -765.54427132237925        209.20854623807011        1196.3000000000000     
  -753.66737858576482        210.37655055457083        1196.3000000000000     
  -741.85268218496503        211.44528617913784        1196.3000000000000     
  -730.09950562656286        212.41353396395027        1196.3000000000000     
  -718.40676949345152        213.27951492525841        1196.3000000000000     
  -706.77466703120899        214.04145175553830        1196.3000000000000     
  -695.20162639721912        214.69637870963456        1196.3000000000000     
  -683.68693881071931        215.25167189723012        1196.3000000000000     
  -672.23138926322076        215.70298005745906        1196.3000000000000     
  -660.83438030358616        216.05667655448667        1196.3000000000000     
  -649.49479169062829        216.31880940972121        1196.3000000000000     
  -638.21295484948371        216.49668217175008        1196.3000000000000     
  -626.98963575431810        216.59860828245172        1196.3000000000000     
  -615.82488845707167        216.63376491907047        1196.3000000000000     
  -604.71821796849440        216.61127710534114        1196.3000000000000     
  -593.66981813295820        216.53972432461629        1196.3000000000000     
  -582.68013612855805        216.42676386171263        1196.3000000000000     
  -571.74850714007516        216.27845719547224        1196.3000000000000     
  -560.87526734698258        216.09894169879638        1196.3000000000000     
  -550.05928640062587        215.89024095358894        1196.3000000000000     
  -539.30135939998343        215.65202813848839        1196.3000000000000     
  -528.59950335194685        215.38195413121244        1196.3000000000000     
  -517.95348201733259        215.07601026640802        1196.3000000000000     
  -507.36262460792722        214.72917798543085        1196.3000000000000     
  -496.82566511711758        214.33702296609471        1196.3000000000000     
  -486.35668981465000        213.89756762033826        1196.3000000000000     
  -477.52465250868511        213.46897609180238        1196.3000000000000     
  -470.06744099203172        213.04782375893780        1196.3000000000000     
  -463.76922936433795        212.67883435678826        1196.3000000000000     
  -458.44768181455731        212.36138521725670        1196.3000000000000     
  -453.94916956045512        212.09203709696266        1196.3000000000000     
  -450.14511479072530        211.86424649482674        1196.3000000000000     
  -446.92743797603890        211.67148726489100        1196.3000000000000     
  -444.20459913769281        211.50847651667044        1196.3000000000000     
  -441.90032297325837        211.37049469805402        1196.3000000000000     
  -439.94948325932938        211.25367268485610        1196.3000000000000     
  -438.29795135982141        211.15477621662626        1196.3000000000000     
  -436.89944714546914        211.07101852830979        1196.3000000000000     
  -435.71508673039153        211.00009189855012        1196.3000000000000     
  -434.71236851733266        210.93996702153660        1196.3000000000000     
