  -1578.2733394217753        28.110613887405368        0.0000000000000000     
  -1578.2794982171131        27.553879320401172        0.0000000000000000     
  -1578.2578462776175        26.948363396095377        0.0000000000000000     
  -1578.2019473166279        26.289013571927402        0.0000000000000000     
  -1578.1015450384621        25.569319190798865        0.0000000000000000     
  -1577.9455522800390        24.781161215826867        0.0000000000000000     
  -1577.7218868022428        23.914895672046569        0.0000000000000000     
  -1577.4157423760616        22.958058298989869        0.0000000000000000     
  -1577.0096682677770        21.895397740535312        0.0000000000000000     
  -1576.4804852806187        20.707124549043627        0.0000000000000000     
  -1575.8025077253346        19.369021418604682        0.0000000000000000     
  -1574.9462032083165        17.851563303794094        0.0000000000000000     
  -1573.8739854738328        16.117999414174072        0.0000000000000000     
  -1572.5435702987729        14.125246182544897        0.0000000000000000     
  -1570.9062086509575        11.823676704750710        0.0000000000000000     
  -1568.8975000545036        9.1523083622787844        0.0000000000000000     
  -1566.4502912200589        6.0458560705524995        0.0000000000000000     
  -1563.4770760698252        2.4237494247627929        0.0000000000000000     
  -1559.8783991873252       -1.8080270872572939        0.0000000000000000     
  -1555.5402839700992       -6.7641058547043862        0.0000000000000000     
  -1550.3205437632773       -12.596479600777805        0.0000000000000000     
  -1544.0618930099135       -19.479687053931237        0.0000000000000000     
  -1536.5714077880621       -27.586160517819398        0.0000000000000000     
  -1527.6201058860140       -36.949660467524097        0.0000000000000000     
  -1516.9316287318657       -47.390673386988411        0.0000000000000000     
  -1504.1764237807561       -58.518400058189030        0.0000000000000000     
  -1488.9665456517241       -69.683550285760305        0.0000000000000000     
  -1470.8447161929937       -79.965300552265077        0.0000000000000000     
  -1449.2771188285269       -88.214312548839558        0.0000000000000000     
  -1427.7121296259788       -92.704395794677566        0.0000000000000000     
  -1406.1672057964131       -94.119376066294038        0.0000000000000000     
  -1384.6636603980564       -93.131113175812217        0.0000000000000000     
  -1363.2220753942413       -90.349038302618595        0.0000000000000000     
  -1341.8597664749641       -86.298389082209709        0.0000000000000000     
  -1320.5910869737215       -81.415062596108072        0.0000000000000000     
  -1299.4272112560611       -76.048646286519883        0.0000000000000000     
  -1278.3759680855505       -70.471491440465940        0.0000000000000000     
  -1257.4451153854106       -64.889339147808926        0.0000000000000000     
  -1236.6372935751301       -59.446906195496567        0.0000000000000000     
  -1215.9543428882855       -54.259103248638134        0.0000000000000000     
  -1195.4001411851150       -49.381484587806938        0.0000000000000000     
  -1174.9742985279959       -44.855948667295479        0.0000000000000000     
  -1154.6746529317925       -40.699083295731256        0.0000000000000000     
  -1134.5009127235016       -36.911772525679964        0.0000000000000000     
  -1114.4530239167339       -33.483245977988226        0.0000000000000000     
  -1094.5292797592567       -30.394673688074832        0.0000000000000000     
  -1074.7267942647172       -27.621176885091124        0.0000000000000000     
  -1055.0438374825026       -25.134035804035612        0.0000000000000000     
  -1035.4791550393595       -22.901986819375953        0.0000000000000000     
  -1016.0296371954832       -20.891444934806870        0.0000000000000000     
  -996.69414524459285       -19.067535035278034        0.0000000000000000     
  -977.46916181056997       -17.394239469402937        0.0000000000000000     
  -958.35486043259209       -15.835003363565207        0.0000000000000000     
  -939.34673190337821       -14.353120238405410        0.0000000000000000     
  -920.44361412647038       -12.913045988145743        0.0000000000000000     
  -901.64377283135263       -11.481324145054678        0.0000000000000000     
  -882.94451399427749       -10.029340033329188        0.0000000000000000     
  -864.37039632206881       -8.5375483052646306        0.0000000000000000     
  -848.70488802122702       -7.1969576274332177        0.0000000000000000     
  -835.48197428507319       -5.9693920772225919        0.0000000000000000     
  -824.31516112832560       -4.9136731786869738        0.0000000000000000     
  -814.88041899454026       -4.0137845998637971        0.0000000000000000     
  -806.90496135261560       -3.2523489471356526        0.0000000000000000     
  -800.16073280981959       -2.6089048888192892        0.0000000000000000     
  -794.45610961333125       -2.0647205160966249        0.0000000000000000     
  -789.62878219010008       -1.6045094187255513        0.0000000000000000     
  -785.54352883950321       -1.2150327746134901        0.0000000000000000     
  -782.08488416828379      -0.88530488260840745        0.0000000000000000     
  -779.15688256430803      -0.60617588616078044        0.0000000000000000     
  -776.67747473535474      -0.36979081844875805        0.0000000000000000     
  -774.57772206390064      -0.16961279692304457        0.0000000000000000     
  -772.80000761321355       -1.8128389095518904E-062   0.0000000000000000     
  -1233.4222475832571        105.46998351076830        598.14999999999998     
  -1233.4118580932750        105.03459702824000        598.14999999999998     
  -1233.3784228255147        104.56183522594789        598.14999999999998     
  -1233.3167785182879        104.04792395413256        598.14999999999998     
  -1233.2187395128210        103.48805342300162        598.14999999999998     
  -1233.0754275176746        102.87617918509363        598.14999999999998     
  -1232.8771456755323        102.20509184447313        598.14999999999998     
  -1232.6119932978693        101.46545160778984        598.14999999999998     
  -1232.2659288315583        100.64581206139461        598.14999999999998     
  -1231.8203141612373        99.731335494922646        598.14999999999998     
  -1231.2544332735486        98.703791172172586        598.14999999999998     
  -1230.5444218248360        97.540904061671952        598.14999999999998     
  -1229.6599299110312        96.214970246389186        598.14999999999998     
  -1228.5667666651020        94.693463431606204        598.14999999999998     
  -1227.2255149917228        92.938918546017319        598.14999999999998     
  -1225.5842274409831        90.905420372643718        598.14999999999998     
  -1223.5886897651587        88.543765412208970        598.14999999999998     
  -1221.1683793655836        85.793356375116119        598.14999999999998     
  -1218.2430767862750        82.583411474792996        598.14999999999998     
  -1214.7206618827254        78.827428175461151        598.14999999999998     
  -1210.4859687326491        74.410467720449873        598.14999999999998     
  -1205.4114269923878        69.200378299676757        598.14999999999998     
  -1199.3416980450581        63.067627057912937        598.14999999999998     
  -1192.0970751972739        55.992069399394168        598.14999999999998     
  -1183.4666832857026        48.121576831586630        598.14999999999998     
  -1173.2038821148308        39.770641368390230        598.14999999999998     
  -1161.0234959263030        31.457419344903116        598.14999999999998     
  -1146.5936277401472        23.914225529213567        598.14999999999998     
  -1129.5288589613326        18.054100650866943        598.14999999999998     
  -1112.5687406816096        15.132387817445547        598.14999999999998     
  -1095.7082355725026        14.614040755177655        598.14999999999998     
  -1078.9456435356506        15.973262198298201        598.14999999999998     
  -1062.2803978715999        18.733077424824472        598.14999999999998     
  -1045.7116800144734        22.482417797272731        598.14999999999998     
  -1029.2387973316056        26.880136065026662        598.14999999999998     
  -1012.8609312571190        31.652642904280498        598.14999999999998     
  -996.57675949228860        36.586818411212448        598.14999999999998     
  -980.38672280335629        41.521616084595586        598.14999999999998     
  -964.28893219214331        46.343833824898908        598.14999999999998     
  -948.28168756028901        50.963591828505741        598.14999999999998     
  -932.36650010633628        55.337355617435591        598.14999999999998     
  -916.54192159834815        59.432382374909380        598.14999999999998     
  -900.80581117172233        63.235763826998237        598.14999999999998     
  -885.15791696003487        66.746816837028163        598.14999999999998     
  -869.59849082970982        69.973962451712467        598.14999999999998     
  -854.12671421486959        72.931967262393215        598.14999999999998     
  -838.74101295036553        75.640358591226686        598.14999999999998     
  -823.44082033674385        78.121634857784670        598.14999999999998     
  -808.22601044079306        80.400270129680266        598.14999999999998     
  -793.09507206396984        82.502603787828662        598.14999999999998     
  -778.04806817288045        84.455929969110443        598.14999999999998     
  -763.08323570255823        86.288500865328416        598.14999999999998     
  -748.20170805191026        88.028887937248584        598.14999999999998     
  -733.40096655669834        89.705908916332930        598.14999999999998     
  -718.68107418352861        91.347381550534379        598.14999999999998     
  -704.04159016615915        92.979507219852280        598.14999999999998     
  -689.48119220586534        94.624728494005836        598.14999999999998     
  -675.01958885030990        96.297654626116582        598.14999999999998     
  -662.82484627562508        97.773028664023997        598.14999999999998     
  -652.53415089831674        99.093407909249947        598.14999999999998     
  -643.84412961090891        100.22335394344961        598.14999999999998     
  -636.50222335692922        101.18422749790363        598.14999999999998     
  -630.29591984129024        101.99705527344595        598.14999999999998     
  -625.04771620181384        102.68405443004586        598.14999999999998     
  -620.60850751560599        103.26509624589866        598.14999999999998     
  -616.85198277112772        103.75655878181031        598.14999999999998     
  -613.67292476983334        104.17248041400920        598.14999999999998     
  -610.98148016502967        104.52459918284688        598.14999999999998     
  -608.70297056205789        104.82268599056935        598.14999999999998     
  -606.77354782248290        105.07511981296682        598.14999999999998     
  -605.13956439803371        105.28889154712238        598.14999999999998     
  -603.75618806527268        105.46998351076830        598.14999999999998     
  -886.97580285498952        179.39166463873391        1196.3000000000000     
  -886.94647297173537        179.08099024537080        1196.3000000000000     
  -886.89871304984536        178.74475629958715        1196.3000000000000     
  -886.82862497031442        178.38052390266716        1196.3000000000000     
  -886.73008773403672        177.98526535820037        1196.3000000000000     
  -886.59642084073676        177.55510519438678        1196.3000000000000     
  -886.42029733746654        177.08537629873717        1196.3000000000000     
  -886.19270034882254        176.56999926427051        1196.3000000000000     
  -885.90296949750791        176.00149622951136        1196.3000000000000     
  -885.53697255332588        175.37019568716568        1196.3000000000000     
  -885.07891440007188        174.66410505501182        1196.3000000000000     
  -884.51053547731317        173.86849880951888        1196.3000000000000     
  -883.80864524234153        172.96509604814332        1196.3000000000000     
  -882.94705213880638        171.93236149137653        1196.3000000000000     
  -881.89556277095596        170.74549169223994        1196.3000000000000     
  -880.61455928726696        169.37427122576386        1196.3000000000000     
  -879.06263053198245        167.78624792257634        1196.3000000000000     
  -877.18607946672103        165.94164293853908        1196.3000000000000     
  -874.92373267399330        163.79388384680175        1196.3000000000000     
  -872.20507937372599        161.28575798939886        1196.3000000000000     
  -868.94162771859442        158.34088242720566        1196.3000000000000     
  -865.03511173610570        154.87119259578924        1196.3000000000000     
  -860.36745217482758        150.79188712358265        1196.3000000000000     
  -854.80856127668744        146.09757143281536        1196.3000000000000     
  -848.21440294906654        140.90450304268410        1196.3000000000000     
  -840.42362114707862        135.44982436129175        1196.3000000000000     
  -831.25741046136670        130.11817877339882        1196.3000000000000     
  -820.51416376626105        125.44962149385843        1196.3000000000000     
  -807.96290860956901        122.11606424197147        1196.3000000000000     
  -795.63440307125529        120.87751021958923        1196.3000000000000     
  -783.49815603690240        121.35178447573303        1196.3000000000000     
  -771.52653792504384        123.16315563398213        1196.3000000000000     
  -759.69518536874625        125.97073171909389        1196.3000000000000     
  -747.98286426671643        129.48074012020518        1196.3000000000000     
  -736.37194281223321        133.44937862183232        1196.3000000000000     
  -724.84809188163217        137.68113872680559        1196.3000000000000     
  -713.39965765191187        142.02375803507641        1196.3000000000000     
  -702.01886805429308        146.36210556911587        1196.3000000000000     
  -690.69868065789206        150.61536413567123        1196.3000000000000     
  -679.43336008658673        154.71937681934793        1196.3000000000000     
  -668.22180522841506        158.64295139091070        1196.3000000000000     
  -657.06133135066636        162.36275729876451        1196.3000000000000     
  -645.94975243217914        165.86967554565121        1196.3000000000000     
  -634.88685325664710        169.16323047510681        1196.3000000000000     
  -623.87323768136025        172.24942845837359        1196.3000000000000     
  -612.90905942440043        175.13886501256729        1196.3000000000000     
  -601.99416859817165        177.84557627192714        1196.3000000000000     
  -591.12928816165106        180.38567150201845        1196.3000000000000     
  -580.31555688627884        182.77664999015872        1196.3000000000000     
  -569.55321225037358        185.03741367311832        1196.3000000000000     
  -558.84367034400782        187.18746803411469        1196.3000000000000     
  -548.18708381215299        189.24709482159344        1196.3000000000000     
  -537.58570174704744        191.23665886109853        1196.3000000000000     
  -527.03916248209646        193.17688398169483        1196.3000000000000     
  -516.54890840603980        195.08764992056254        1196.3000000000000     
  -506.11593891385877        196.98770634542620        1196.3000000000000     
  -495.74043144331824        198.89316046081734        1196.3000000000000     
  -485.43727559805626        200.81346685081493        1196.3000000000000     
  -476.75239117515906        202.47899472551856        1196.3000000000000     
  -469.42732144871582        203.93834028769382        1196.3000000000000     
  -463.24238598111145        205.18137370033833        1196.3000000000000     
  -458.01725476385184        206.23601669051786        1196.3000000000000     
  -453.60034496599525        207.12794576312365        1196.3000000000000     
  -449.86527939504407        207.88193422480589        1196.3000000000000     
  -446.70596011612759        208.51965582156794        1196.3000000000000     
  -444.03248568184500        209.05914545406512        1196.3000000000000     
  -441.76998795784152        209.51570885209475        1196.3000000000000     
  -439.85451850186740        209.90223778885320        1196.3000000000000     
  -438.23292961979723        210.22945770041025        1196.3000000000000     
  -436.85978263826917        210.50655650476136        1196.3000000000000     
  -435.69689583450588        210.74121890033035        1196.3000000000000     
  -434.71236851733266        210.93996702153660        1196.3000000000000     
