1                          0              0              0              0              0              0              0              0              0              0              0              0              0 0.002846166801 
2             -0.0006616955852 -0.0006180733573 -0.0009774228303 -0.000817930256 -0.0002107191934 0.001661055528 0.001561178422 0.001118381771 0.0002100010036 -0.0001007798749 0.0001352540295 -0.0006154388358 -4.795303444e-05 0.002728430814 
3                      -0.01 -0.00433767739 -0.004397284509 -0.001650076952 0.001132861968 0.006343836022 0.002038868486 -0.0001162464188 -0.002568116749 -0.001382193542 -0.002970246158 0.006344857754 0.002526371924 0.002430262701 
4                      -0.01 -0.004527604991 -0.005352868898 -0.002699587343 0.0004499794464 0.008448143941 0.002419739101 9.41186443e-05 -0.003355834473 -0.002074089025 -0.004372799071           0.01 0.003663352922 0.002355933149 
5                      -0.01 -0.004793144321 -0.006040066992 -0.003416512845 -0.0002506092841           0.01 0.002741525621 0.0006022520587 -0.003696226813 -0.002661553528 -0.005354152646           0.01 0.004573386192  0.00226077847 
6                      -0.01 -0.00541631247 -0.008083402063  -0.0046884943 -0.002544703623           0.01  0.00158741976 0.002791314543 -0.004744712712 -0.005629813856 -0.009433320059           0.01           0.01 0.002185514555 
7                      -0.01 -0.00543873262 -0.008273667854 -0.004788407471  -0.0027855021           0.01 0.001498953725 0.003052283858 -0.004934644032 -0.006041021661          -0.01           0.01           0.01 0.002180949484 
8                      -0.01 -0.005392542896          -0.01 -0.005751042437 -0.004118582814           0.01 0.0005108365402 0.004372555449 -0.007181844252 -0.009358533069          -0.01           0.01           0.01 0.002155775251 
9                     -0.01 -0.005369913413          -0.01 -0.005918538153 -0.004363778891           0.01 0.0003193490486 0.004599427703 -0.007634036529          -0.01          -0.01           0.01           0.01 0.002152122951 
10                     -0.01 -0.005385223404          -0.01 -0.00667306456 -0.005498920025           0.01 -0.0005109047884 0.005742116395          -0.01          -0.01          -0.01           0.01           0.01 0.002142900329 
11                     -0.01 -0.005446731299          -0.01 -0.007785318548 -0.005141757731           0.01 -0.0005928149232 0.005288579064          -0.01          -0.01          -0.01           0.01           0.01 0.002140623068 
12                     -0.01 -0.005636100157          -0.01          -0.01 -0.004178861759           0.01 -0.0002465857742 0.004068770311          -0.01          -0.01          -0.01           0.01           0.01 0.002138250018 
13                     -0.01 -0.005504426681          -0.01          -0.01 -0.004439115682           0.01 0.0001946978068 0.004438507175          -0.01          -0.01          -0.01           0.01           0.01 0.002138808825 
14                     -0.01 -0.005579695419          -0.01          -0.01 -0.004290346279           0.01 -5.755389463e-05 0.004227153848          -0.01          -0.01          -0.01           0.01           0.01 0.002137532834 
15                     -0.01 -0.00572682249          -0.01          -0.01 -0.00397562913           0.01 0.0006274425361 0.003652886924          -0.01          -0.01          -0.01           0.01           0.01 0.002137031554 
16                     -0.01 -0.006100640035          -0.01          -0.01 -0.003191199114           0.01 0.002807099095 0.001888868894          -0.01          -0.01          -0.01           0.01           0.01 0.002136772145 
17                     -0.01 -0.006066781138          -0.01          -0.01 -0.003322604909           0.01 0.002855442472 0.001838979086          -0.01          -0.01          -0.01           0.01           0.01 0.002136741573 
18                     -0.01 -0.006031365683          -0.01          -0.01 -0.003478372979           0.01 0.002851406505 0.001782053632          -0.01          -0.01          -0.01           0.01           0.01  0.00213673099 
19                     -0.01 -0.006011131901          -0.01          -0.01 -0.003651914545           0.01 0.002875106709 0.001666895673          -0.01          -0.01          -0.01           0.01           0.01 0.002136740231 
20                     -0.01 -0.006024986614          -0.01          -0.01 -0.003533085125           0.01 0.002858878427 0.001745747984          -0.01          -0.01          -0.01           0.01           0.01 0.002136732476 
21                     -0.01 -0.006029211238          -0.01          -0.01 -0.00349685127           0.01 0.002853930046 0.001769791888          -0.01          -0.01          -0.01           0.01           0.01 0.002136731299 
22                     -0.01 -0.006030569779          -0.01          -0.01 -0.003485199306           0.01 0.002852338762 0.001777523847          -0.01          -0.01          -0.01           0.01           0.01 0.002136730999 
23                     -0.01  -0.0060310128          -0.01          -0.01 -0.003481399594           0.01 0.002851819844 0.001780045244          -0.01          -0.01          -0.01           0.01           0.01 0.002136730989 